(234,144)
(234,162)
(234,133)
(234,167)
(234,25)
(234,13)
(234,46)
(234,14)
(234,174)
(235,2)
(235,230)
(235,104)
(235,40)
(235,24)
(235,11)
(235,27)
(235,12)
(235,77)
(236,160)
(236,178)
(236,36)
(236,228)
(236,52)
(236,187)
(236,61)
(236,14)
(236,142)
(236,47)
(237,48)
(237,226)
(237,147)
(237,36)
(237,69)
(237,119)
(237,232)
(237,9)
(237,45)
(237,206)
(238,0)
(238,67)
(238,37)
(238,149)
(238,182)
(238,72)
(238,88)
(238,169)
(238,107)
(238,44)
(239,1)
(239,36)
(239,167)
(239,57)
(239,25)
(239,11)
(239,203)
(239,44)
(239,238)
(240,146)
(240,67)
(240,152)
(240,232)
(240,72)
(240,233)
(240,153)
(240,154)
(240,171)
(241,17)
(241,99)
(241,35)
(241,22)
(241,56)
(241,41)
(241,187)
(241,59)
(241,188)
(241,111)
(242,177)
(242,2)
(242,179)
(242,23)
(242,7)
(242,184)
(242,13)
(242,77)
(242,125)
(242,30)
(243,0)
(243,17)
(243,226)
(243,3)
(243,84)
(243,26)
(243,15)
(243,127)
(243,223)
(244,146)
(244,84)
(244,148)
(244,166)
(244,153)
(244,43)
(244,156)
(244,28)
(244,46)
(244,47)
(245,16)
(245,2)
(245,3)
(245,54)
(245,119)
(245,40)
(245,45)
(245,190)
(245,191)
(246,48)
(246,65)
(246,145)
(246,82)
(246,3)
(246,148)
(246,21)
(246,40)
(246,25)
(247,195)
(247,22)
(247,102)
(247,10)
(247,11)
(247,14)
(247,15)
(247,63)
(247,223)
(248,192)
(248,1)
(248,35)
(248,4)
(248,69)
(248,134)
(248,119)
(248,40)
(248,137)
(248,29)
(249,177)
(249,97)
(249,81)
(249,37)
(249,71)
(249,167)
(249,75)
(249,43)
(249,14)
(250,49)
(250,99)
(250,165)
(250,118)
(250,22)
(250,151)
(250,57)
(250,59)
(250,12)
(250,14)
(251,17)
(251,20)
(251,132)
(251,212)
(251,102)
(251,24)
(251,42)
(251,93)
(251,14)
(252,16)
(252,81)
(252,146)
(252,242)
(252,52)
(252,37)
(252,38)
(252,10)
(252,14)
(253,82)
(253,18)
(253,4)
(253,118)
(253,136)
(253,25)
(253,42)
(253,173)
(253,14)
(253,190)
(254,32)
(254,65)
(254,97)
(254,69)
(254,56)
(254,40)
(254,185)
(254,25)
(254,29)
(255,34)
(255,195)
(255,22)
(255,56)
(255,248)
(255,27)
(255,236)
(255,30)
(255,222)
(256,225)
(256,97)
(256,180)
(256,6)
(256,249)
(256,26)
(256,11)
(256,59)
(256,14)
(256,255)
(257,64)
(257,113)
(257,210)
(257,244)
(257,56)
(257,40)
(257,154)
(257,203)
(257,158)
(257,15)
(258,209)
(258,69)
(258,117)
(258,103)
(258,122)
(258,27)
(258,28)
(258,15)
(258,47)
(259,129)
(259,84)
(259,52)
(259,21)
(259,182)
(259,136)
(259,74)
(259,27)
(259,13)
(259,14)
(260,49)
(260,17)
(260,69)
(260,53)
(260,6)
(260,151)
(260,9)
(260,11)
(260,45)
(260,14)
(261,144)
(261,33)
(261,67)
(261,24)
(261,234)
(261,11)
(261,92)
(261,124)
(261,15)
(262,32)
(262,1)
(262,2)
(262,52)
(262,85)
(262,233)
(262,57)
(262,28)
(262,44)
(262,29)
(263,208)
(263,146)
(263,69)
(263,37)
(263,137)
(263,41)
(263,170)
(263,251)
(263,157)
(263,142)
(264,145)
(264,97)
(264,52)
(264,228)
(264,22)
(264,122)
(264,26)
(264,11)
(264,29)
(264,30)
(265,161)
(265,97)
(265,116)
(265,5)
(265,231)
(265,215)
(265,56)
(265,138)
(265,28)
(265,62)
(266,17)
(266,195)
(266,163)
(266,148)
(266,183)
(266,40)
(266,92)
(266,29)
(266,45)
(266,111)
(267,1)
(267,67)
(267,88)
(267,40)
(267,153)
(267,122)
(267,187)
(267,235)
(267,109)
(267,78)
(268,32)
(268,178)
(268,194)
(268,69)
(268,118)
(268,9)
(268,233)
(268,12)
(268,221)
(268,142)
(269,16)
(269,1)
(269,227)
(269,4)
(269,6)
(269,151)
(269,217)
(269,249)
(269,58)
(269,207)
(270,81)
(270,49)
(270,82)
(270,84)
(270,132)
(270,133)
(270,42)
(270,220)
(270,77)
(270,94)
(271,16)
(271,65)
(271,130)
(271,5)
(271,122)
(271,27)
(271,187)
(271,236)
(271,254)
(271,47)
(272,2)
(272,228)
(272,36)
(272,53)
(272,74)
(272,90)
(272,221)
(272,110)
(272,30)
(272,111)
(273,19)
(273,83)
(273,117)
(273,86)
(273,249)
(273,233)
(273,9)
(273,204)
(273,253)
(273,63)
(274,49)
(274,51)
(274,6)
(274,87)
(274,119)
(274,200)
(274,26)
(274,107)
(274,29)
(274,158)
(275,97)
(275,51)
(275,52)
(275,197)
(275,70)
(275,40)
(275,171)
(275,188)
(275,45)
(275,30)
(276,0)
(276,146)
(276,99)
(276,35)
(276,20)
(276,84)
(276,69)
(276,122)
(276,108)
(276,78)
(277,177)
(277,33)
(277,83)
(277,39)
(277,88)
(277,89)
(277,233)
(277,42)
(277,94)
(277,191)
(278,211)
(278,164)
(278,167)
(278,103)
(278,56)
(278,26)
(278,268)
(278,173)
(278,110)
(279,145)
(279,227)
(279,100)
(279,22)
(279,54)
(279,249)
(279,74)
(279,11)
(279,59)
(279,75)
(280,17)
(280,228)
(280,245)
(280,54)
(280,23)
(280,153)
(280,26)
(280,157)
(280,30)
(280,127)
(281,256)
(281,80)
(281,113)
(281,261)
(281,133)
(281,246)
(281,169)
(281,94)
(281,47)
(281,31)
(282,17)
(282,145)
(282,242)
(282,226)
(282,217)
(282,42)
(282,267)
(282,220)
(282,93)
(282,222)
(283,18)
(283,98)
(283,52)
(283,196)
(283,213)
(283,118)
(283,59)
(283,155)
(283,13)
(283,126)
(284,241)
(284,1)
(284,66)
(284,148)
(284,69)
(284,23)
(284,232)
(284,90)
(284,269)
(284,141)
(285,112)
(285,0)
(285,64)
(285,49)
(285,161)
(285,5)
(285,246)
(285,279)
(285,157)
(286,113)
(286,243)
(286,68)
(286,118)
(286,25)
(286,26)
(286,90)
(286,91)
(286,76)
(286,79)
(287,160)
(287,1)
(287,50)
(287,4)
(287,11)
(287,221)
(287,189)
(287,14)
(287,31)
(288,176)
(288,178)
(288,18)
(288,84)
(288,36)
(288,118)
(288,9)
(288,220)
(288,77)
(288,47)
(289,97)
(289,82)
(289,98)
(289,52)
(289,6)
(289,182)
(289,25)
(289,11)
(289,92)
(289,13)
(290,128)
(290,240)
(290,97)
(290,130)
(290,165)
(290,102)
(290,70)
(290,215)
(290,24)
(290,60)
(291,224)
(291,51)
(291,148)
(291,229)
(291,22)
(291,72)
(291,153)
(291,10)
(291,126)
(291,271)
(292,144)
(292,83)
(292,36)
(292,117)
(292,22)
(292,89)
(292,201)
(292,204)
(292,236)
(292,238)
(293,128)
(293,0)
(293,1)
(293,3)
(293,67)
(293,117)
(293,140)
(293,28)
(293,109)
(293,30)
(294,192)
(294,144)
(294,1)
(294,278)
(294,120)
(294,88)
(294,265)
(294,11)
(294,60)
(294,30)
(295,128)
(295,39)
(295,248)
(295,202)
(295,90)
(295,155)
(295,12)
(295,44)
(295,172)
(295,110)
(296,1)
(296,34)
(296,68)
(296,229)
(296,70)
(296,54)
(296,167)
(296,201)
(296,221)
(296,14)
(297,16)
(297,1)
(297,17)
(297,3)
(297,56)
(297,74)
(297,11)
(297,107)
(297,172)
(297,29)
(298,99)
(298,115)
(298,100)
(298,229)
(298,41)
(298,185)
(298,60)
(298,13)
(298,14)
(299,33)
(299,3)
(299,211)
(299,197)
(299,21)
(299,139)
(299,75)
(299,12)
(299,191)
(299,159)
(300,69)
(300,22)
(300,24)
(300,248)
(300,29)
(300,45)
(300,174)
(300,222)
(300,110)
(301,128)
(301,33)
(301,276)
(301,197)
(301,40)
(301,10)
(301,252)
(301,44)
(301,31)
(302,272)
(302,258)
(302,132)
(302,69)
(302,104)
(302,105)
(302,75)
(302,251)
(302,11)
(302,286)
(303,1)
(303,177)
(303,84)
(303,22)
(303,56)
(303,202)
(303,219)
(303,27)
(303,59)
(303,302)
(304,128)
(304,272)
(304,144)
(304,18)
(304,147)
(304,248)
(304,40)
(304,171)
(304,94)
(304,303)
(305,49)
(305,210)
(305,229)
(305,37)
(305,40)
(305,72)
(305,58)
(305,155)
(305,63)
(305,31)
(306,17)
(306,228)
(306,199)
(306,56)
(306,216)
(306,41)
(306,10)
(306,155)
(306,12)
(307,3)
(307,292)
(307,117)
(307,71)
(307,40)
(307,42)
(307,93)
(307,125)
(307,111)
(307,143)
(308,225)
(308,113)
(308,51)
(308,117)
(308,103)
(308,138)
(308,139)
(308,253)
(308,285)
(308,47)
(309,112)
(309,48)
(309,19)
(309,149)
(309,246)
(309,70)
(309,8)
(309,40)
(309,237)
(309,46)
(310,1)
(310,66)
(310,146)
(310,3)
(310,102)
(310,9)
(310,105)
(310,42)
(310,29)
(310,174)
(311,210)
(311,3)
(311,246)
(311,39)
(311,74)
(311,10)
(311,42)
(311,187)
(311,254)
(311,303)
(312,176)
(312,18)
(312,52)
(312,180)
(312,9)
(312,42)
(312,218)
(312,172)
(312,189)
(312,238)
(313,256)
(313,36)
(313,118)
(313,231)
(313,215)
(313,9)
(313,25)
(313,44)
(313,156)
(313,126)
(314,48)
(314,17)
(314,197)
(314,53)
(314,69)
(314,6)
(314,56)
(314,10)
(314,138)
(314,111)
(315,209)
(315,36)
(315,308)
(315,37)
(315,248)
(315,265)
(315,26)
(315,106)
(315,75)
(316,288)
(316,178)
(316,35)
(316,115)
(316,308)
(316,84)
(316,37)
(316,23)
(316,183)
(316,28)
(317,96)
(317,50)
(317,66)
(317,211)
(317,71)
(317,296)
(317,105)
(317,201)
(317,138)
(317,205)
(318,53)
(318,37)
(318,85)
(318,55)
(318,57)
(318,105)
(318,11)
(318,124)
(318,222)
(318,255)
(319,48)
(319,210)
(319,51)
(319,4)
(319,296)
(319,121)
(319,172)
(319,14)
(319,30)
(320,291)
(320,19)
(320,55)
(320,280)
(320,8)
(320,104)
(320,282)
(320,27)
(320,142)
(320,79)
(321,276)
(321,37)
(321,25)
(321,137)
(321,250)
(321,187)
(321,91)
(321,44)
(321,61)
(321,207)
(322,130)
(322,278)
(322,136)
(322,170)
(322,267)
(322,315)
(322,61)
(322,13)
(322,158)
(322,127)
(323,240)
(323,274)
(323,115)
(323,246)
(323,22)
(323,279)
(323,183)
(323,72)
(323,299)
(323,63)
(324,16)
(324,272)
(324,69)
(324,150)
(324,39)
(324,88)
(324,24)
(324,140)
(324,76)
(324,13)
(325,0)
(325,48)
(325,257)
(325,65)
(325,323)
(325,117)
(325,22)
(325,202)
(325,301)
(325,111)
(326,64)
(326,81)
(326,51)
(326,22)
(326,215)
(326,201)
(326,44)
(326,45)
(326,14)
(326,127)
(327,18)
(327,274)
(327,20)
(327,22)
(327,119)
(327,39)
(327,72)
(327,280)
(327,152)
(327,91)
(328,49)
(328,226)
(328,51)
(328,3)
(328,37)
(328,183)
(328,168)
(328,25)
(328,253)
(328,111)
(329,274)
(329,71)
(329,87)
(329,39)
(329,135)
(329,295)
(329,137)
(329,10)
(329,11)
(329,175)
(330,32)
(330,16)
(330,305)
(330,259)
(330,22)
(330,310)
(330,198)
(330,71)
(330,72)
(330,42)
(331,177)
(331,33)
(331,132)
(331,197)
(331,21)
(331,327)
(331,279)
(331,90)
(331,107)
(331,29)
(332,81)
(332,250)
(332,58)
(332,59)
(332,123)
(332,11)
(332,204)
(332,47)
(333,16)
(333,161)
(333,146)
(333,292)
(333,116)
(333,52)
(333,70)
(333,182)
(333,11)
(333,28)
(334,18)
(334,66)
(334,84)
(334,197)
(334,326)
(334,23)
(334,169)
(334,91)
(334,332)
(334,253)
(335,96)
(335,256)
(335,49)
(335,65)
(335,324)
(335,54)
(335,296)
(335,186)
(335,171)
(335,110)
(336,146)
(336,295)
(336,23)
(336,43)
(336,123)
(336,11)
(336,107)
(336,44)
(336,29)
(336,31)
(337,324)
(337,103)
(337,136)
(337,57)
(337,155)
(337,11)
(337,269)
(337,29)
(337,173)
(337,31)
(338,144)
(338,81)
(338,178)
(338,115)
(338,133)
(338,37)
(338,22)
(338,9)
(338,171)
(338,221)
(339,96)
(339,256)
(339,99)
(339,117)
(339,37)
(339,6)
(339,88)
(339,249)
(339,11)
(339,76)
(340,80)
(340,212)
(340,293)
(340,117)
(340,42)
(340,11)
(340,173)
(340,45)
(340,302)
(340,31)
(341,49)
(341,84)
(341,37)
(341,117)
(341,24)
(341,58)
(341,28)
(341,156)
(341,125)
(341,159)
(342,2)
(342,178)
(342,137)
(342,9)
(342,187)
(342,269)
(342,29)
(342,14)
(342,158)
(342,46)
(343,0)
(343,176)
(343,338)
(343,227)
(343,323)
(343,74)
(343,186)
(343,75)
(343,125)
(343,78)
(344,80)
(344,162)
(344,35)
(344,164)
(344,90)
(344,316)
(344,13)
(344,30)
(344,15)
(344,175)
(345,289)
(345,226)
(345,50)
(345,162)
(345,211)
(345,341)
(345,86)
(345,24)
(345,41)
(345,10)
(346,64)
(346,85)
(346,54)
(346,40)
(346,56)
(346,9)
(346,125)
(346,30)
(346,14)
(346,63)
(347,49)
(347,1)
(347,67)
(347,340)
(347,213)
(347,23)
(347,56)
(347,249)
(347,12)
(347,46)
(348,96)
(348,117)
(348,342)
(348,343)
(348,167)
(348,9)
(348,28)
(348,12)
(348,31)
(349,16)
(349,2)
(349,227)
(349,19)
(349,52)
(349,37)
(349,136)
(349,59)
(349,285)
(349,14)
(350,128)
(350,145)
(350,209)
(350,180)
(350,149)
(350,202)
(350,26)
(350,251)
(350,332)
(350,286)
(351,96)
(351,272)
(351,64)
(351,133)
(351,231)
(351,8)
(351,329)
(351,346)
(351,348)
(351,15)
(352,257)
(352,132)
(352,292)
(352,69)
(352,183)
(352,168)
(352,10)
(352,12)
(352,95)
(353,339)
(353,3)
(353,51)
(353,9)
(353,73)
(353,202)
(353,186)
(353,334)
(353,158)
(353,319)
(354,177)
(354,291)
(354,4)
(354,166)
(354,87)
(354,119)
(354,155)
(354,45)
(354,269)
(354,30)
(355,1)
(355,33)
(355,322)
(355,281)
(355,267)
(355,268)
(355,317)
(355,93)
(355,159)
(356,2)
(356,324)
(356,53)
(356,329)
(356,185)
(356,11)
(356,91)
(356,94)
(356,174)
(356,14)
(357,272)
(357,161)
(357,18)
(357,242)
(357,99)
(357,324)
(357,74)
(357,44)
(357,28)
(357,223)
(358,16)
(358,81)
(358,323)
(358,69)
(358,197)
(358,21)
(358,155)
(358,11)
(358,109)
(358,94)
(359,352)
(359,35)
(359,163)
(359,180)
(359,54)
(359,87)
(359,184)
(359,26)
(359,44)
(359,206)
(360,321)
(360,247)
(360,40)
(360,120)
(360,123)
(360,27)
(360,44)
(360,237)
(360,93)
(360,302)
(361,49)
(361,194)
(361,244)
(361,293)
(361,54)
(361,23)
(361,56)
(361,235)
(361,204)
(361,63)
(362,6)
(362,23)
(362,71)
(362,295)
(362,8)
(362,57)
(362,11)
(362,28)
(362,77)
(362,175)
(363,50)
(363,116)
(363,4)
(363,260)
(363,293)
(363,22)
(363,282)
(363,251)
(363,11)
(363,15)
(364,256)
(364,0)
(364,68)
(364,343)
(364,151)
(364,23)
(364,11)
(364,237)
(364,30)
(364,319)
(365,160)
(365,19)
(365,36)
(365,292)
(365,23)
(365,88)
(365,203)
(365,363)
(365,140)
(365,29)
(366,194)
(366,178)
(366,290)
(366,51)
(366,180)
(366,86)
(366,247)
(366,312)
(366,28)
(367,0)
(367,3)
(367,36)
(367,244)
(367,119)
(367,216)
(367,123)
(367,110)
(367,174)
(367,334)
(368,305)
(368,211)
(368,4)
(368,52)
(368,133)
(368,231)
(368,311)
(368,312)
(368,11)
(368,30)
(369,146)
(369,226)
(369,194)
(369,107)
(369,220)
(369,236)
(369,12)
(369,44)
(369,14)
(369,286)
(370,0)
(370,48)
(370,177)
(370,21)
(370,278)
(370,6)
(370,311)
(370,153)
(370,205)
(370,94)
(371,211)
(371,228)
(371,23)
(371,312)
(371,41)
(371,313)
(371,154)
(371,11)
(371,285)
(371,77)
(372,176)
(372,17)
(372,51)
(372,324)
(372,149)
(372,293)
(372,11)
(372,123)
(372,125)
(372,31)
(373,48)
(373,99)
(373,293)
(373,22)
(373,296)
(373,9)
(373,60)
(373,286)
(373,334)
(373,30)
(374,352)
(374,17)
(374,258)
(374,115)
(374,4)
(374,37)
(374,294)
(374,342)
(374,169)
(374,221)
(375,208)
(375,1)
(375,51)
(375,292)
(375,88)
(375,360)
(375,28)
(375,157)
(375,94)
(375,286)
(376,305)
(376,66)
(376,291)
(376,323)
(376,149)
(376,342)
(376,364)
(376,301)
(376,29)
(376,271)
(377,49)
(377,131)
(377,4)
(377,293)
(377,197)
(377,74)
(377,75)
(377,318)
(377,63)
(377,15)
(378,145)
(378,226)
(378,356)
(378,84)
(378,293)
(378,71)
(378,90)
(378,282)
(378,107)
(378,29)
(379,82)
(379,212)
(379,165)
(379,183)
(379,296)
(379,28)
(379,110)
(379,30)
(379,255)
(380,114)
(380,323)
(380,104)
(380,232)
(380,41)
(380,378)
(380,251)
(380,11)
(380,221)
(380,95)
(381,161)
(381,33)
(381,339)
(381,100)
(381,101)
(381,117)
(381,261)
(381,152)
(381,187)
(381,93)
(382,161)
(382,225)
(382,81)
(382,18)
(382,245)
(382,38)
(382,199)
(382,25)
(382,27)
(382,14)
(383,16)
(383,160)
(383,113)
(383,67)
(383,373)
(383,134)
(383,38)
(383,27)
(383,30)
(383,94)
(384,16)
(384,49)
(384,1)
(384,129)
(384,40)
(384,27)
(384,347)
(384,155)
(384,207)
(385,288)
(385,128)
(385,338)
(385,52)
(385,164)
(385,133)
(385,341)
(385,154)
(385,28)
(385,220)
(386,32)
(386,375)
(386,231)
(386,40)
(386,120)
(386,140)
(386,333)
(386,79)
(386,175)
(386,351)
(387,48)
(387,2)
(387,291)
(387,307)
(387,100)
(387,52)
(387,43)
(387,76)
(387,188)
(387,45)
(388,112)
(388,210)
(388,131)
(388,228)
(388,150)
(388,6)
(388,313)
(388,186)
(388,123)
(388,283)
(389,208)
(389,145)
(389,2)
(389,82)
(389,39)
(389,312)
(389,42)
(389,43)
(389,139)
(389,76)
(390,51)
(390,163)
(390,165)
(390,22)
(390,87)
(390,248)
(390,184)
(390,218)
(390,29)
(390,142)
(391,276)
(391,356)
(391,390)
(391,167)
(391,378)
(391,75)
(391,92)
(391,29)
(391,301)
(391,30)
(392,162)
(392,339)
(392,35)
(392,4)
(392,21)
(392,120)
(392,200)
(392,173)
(392,61)
(393,32)
(393,1)
(393,85)
(393,54)
(393,25)
(393,285)
(393,237)
(393,110)
(393,127)
(393,143)
(394,257)
(394,82)
(394,21)
(394,38)
(394,10)
(394,251)
(394,220)
(394,12)
(394,334)
(394,366)
(395,161)
(395,33)
(395,35)
(395,84)
(395,167)
(395,104)
(395,392)
(395,91)
(395,251)
(395,94)
(396,48)
(396,64)
(396,195)
(396,101)
(396,86)
(396,184)
(396,104)
(396,44)
(396,15)
(396,239)
(397,0)
(397,208)
(397,37)
(397,278)
(397,166)
(397,234)
(397,378)
(397,11)
(397,13)
(397,94)
(398,224)
(398,17)
(398,274)
(398,102)
(398,375)
(398,72)
(398,104)
(398,216)
(398,136)
(398,222)
(399,208)
(399,3)
(399,373)
(399,22)
(399,25)
(399,10)
(399,75)
(399,158)
(399,382)
(400,64)
(400,177)
(400,17)
(400,35)
(400,195)
(400,20)
(400,372)
(400,21)
(400,169)
(400,91)
(401,385)
(401,213)
(401,165)
(401,249)
(401,329)
(401,281)
(401,394)
(401,251)
(401,47)
(401,191)
(402,312)
(402,104)
(402,42)
(402,267)
(402,316)
(402,124)
(402,13)
(402,14)
(402,286)
(402,47)
(403,64)
(403,321)
(403,277)
(403,342)
(403,23)
(403,153)
(403,91)
(403,11)
(403,46)
(403,63)
(404,195)
(404,99)
(404,339)
(404,132)
(404,148)
(404,26)
(404,58)
(404,60)
(404,109)
(404,77)
(405,128)
(405,20)
(405,132)
(405,21)
(405,165)
(405,37)
(405,58)
(405,29)
(406,115)
(406,211)
(406,132)
(406,324)
(406,133)
(406,247)
(406,119)
(406,312)
(406,60)
(406,349)
(407,370)
(407,52)
(407,244)
(407,248)
(407,296)
(407,121)
(407,10)
(407,282)
(407,94)
(408,145)
(408,18)
(408,7)
(408,264)
(408,378)
(408,299)
(408,188)
(408,204)
(408,398)
(408,63)
(409,0)
(409,371)
(409,19)
(409,291)
(409,84)
(409,311)
(409,28)
(409,284)
(409,13)
(409,255)
(410,128)
(410,81)
(410,274)
(410,36)
(410,53)
(410,9)
(410,202)
(410,219)
(410,43)
(410,61)
(411,144)
(411,241)
(411,81)
(411,67)
(411,311)
(411,348)
(411,221)
(411,46)
(411,334)
(411,95)
(412,80)
(412,0)
(412,81)
(412,241)
(412,102)
(412,55)
(412,249)
(412,138)
(412,11)
(412,12)
(413,338)
(413,243)
(413,4)
(413,357)
(413,309)
(413,360)
(413,410)
(413,11)
(413,60)
(413,63)
(414,1)
(414,33)
(414,34)
(414,51)
(414,259)
(414,36)
(414,229)
(414,278)
(414,24)
(414,139)
(415,66)
(415,18)
(415,309)
(415,361)
(415,329)
(415,364)
(415,44)
(415,301)
(415,31)
(416,224)
(416,16)
(416,49)
(416,370)
(416,35)
(416,119)
(416,376)
(416,392)
(416,57)
(416,349)
(417,164)
(417,4)
(417,117)
(417,86)
(417,25)
(417,409)
(417,378)
(417,12)
(417,110)
(417,303)
(418,274)
(418,4)
(418,148)
(418,102)
(418,297)
(418,11)
(418,44)
(418,77)
(418,109)
(418,30)
(419,321)
(419,289)
(419,4)
(419,277)
(419,165)
(419,70)
(419,326)
(419,360)
(419,15)
(419,191)
(420,16)
(420,18)
(420,35)
(420,148)
(420,55)
(420,105)
(420,329)
(420,10)
(420,42)
(420,286)
(421,37)
(421,21)
(421,310)
(421,23)
(421,9)
(421,42)
(421,170)
(421,171)
(421,380)
(421,95)
(422,16)
(422,49)
(422,66)
(422,22)
(422,23)
(422,138)
(422,29)
(422,334)
(422,126)
(423,49)
(423,17)
(423,130)
(423,405)
(423,293)
(423,133)
(423,198)
(423,22)
(423,58)
(423,43)
(424,304)
(424,192)
(424,32)
(424,225)
(424,306)
(424,66)
(424,39)
(424,280)
(424,11)
(424,14)
(425,128)
(425,256)
(425,48)
(425,291)
(425,212)
(425,36)
(425,261)
(425,362)
(425,74)
(425,45)
(426,384)
(426,352)
(426,33)
(426,417)
(426,178)
(426,243)
(426,23)
(426,343)
(426,251)
(426,12)
(427,400)
(427,17)
(427,161)
(427,99)
(427,339)
(427,36)
(427,26)
(427,42)
(427,43)
(427,79)
(428,416)
(428,241)
(428,114)
(428,354)
(428,211)
(428,56)
(428,41)
(428,190)
(428,79)
(428,15)
(429,144)
(429,224)
(429,2)
(429,20)
(429,55)
(429,424)
(429,378)
(429,364)
(429,221)
(429,15)
(430,209)
(430,355)
(430,293)
(430,70)
(430,390)
(430,7)
(430,90)
(430,11)
(430,237)
(431,114)
(431,338)
(431,258)
(431,22)
(431,346)
(431,13)
(431,109)
(431,381)
(431,190)
(431,95)
(432,336)
(432,48)
(432,193)
(432,308)
(432,295)
(432,280)
(432,25)
(432,60)
(432,61)
(432,62)
(433,18)
(433,3)
(433,101)
(433,117)
(433,88)
(433,137)
(433,26)
(433,170)
(433,11)
(433,109)
(434,32)
(434,81)
(434,52)
(434,37)
(434,103)
(434,410)
(434,250)
(434,11)
(434,190)
(434,398)
(435,1)
(435,18)
(435,163)
(435,117)
(435,165)
(435,374)
(435,10)
(435,12)
(435,191)
(436,288)
(436,306)
(436,99)
(436,19)
(436,148)
(436,6)
(436,248)
(436,27)
(436,43)
(436,159)
(437,32)
(437,432)
(437,192)
(437,371)
(437,36)
(437,84)
(437,4)
(437,5)
(437,184)
(437,216)
(438,323)
(438,83)
(438,148)
(438,37)
(438,23)
(438,8)
(438,42)
(438,347)
(438,12)
(438,78)
(439,209)
(439,242)
(439,404)
(439,295)
(439,24)
(439,41)
(439,154)
(439,91)
(439,60)
(439,367)
(440,32)
(440,432)
(440,208)
(440,177)
(440,3)
(440,4)
(440,213)
(440,406)
(440,330)
(440,43)
(441,66)
(441,20)
(441,228)
(441,133)
(441,346)
(441,11)
(441,267)
(441,13)
(441,45)
(441,143)
(442,33)
(442,55)
(442,8)
(442,249)
(442,58)
(442,11)
(442,12)
(442,61)
(442,381)
(442,317)
(443,0)
(443,304)
(443,337)
(443,1)
(443,52)
(443,24)
(443,187)
(443,92)
(443,157)
(443,109)
(444,336)
(444,226)
(444,68)
(444,103)
(444,407)
(444,298)
(444,266)
(444,11)
(444,111)
(444,63)
(445,385)
(445,196)
(445,357)
(445,117)
(445,312)
(445,139)
(445,171)
(445,11)
(445,364)
(445,14)
(446,352)
(446,309)
(446,198)
(446,374)
(446,40)
(446,122)
(446,11)
(446,76)
(446,174)
(446,31)
(447,114)
(447,146)
(447,386)
(447,85)
(447,22)
(447,134)
(447,136)
(447,426)
(447,15)
(447,111)
(448,128)
(448,65)
(448,146)
(448,20)
(448,232)
(448,395)
(448,300)
(448,12)
(448,30)
(448,31)
(449,0)
(449,1)
(449,434)
(449,146)
(449,131)
(449,36)
(449,390)
(449,23)
(449,204)
(449,14)
(450,352)
(450,288)
(450,65)
(450,10)
(450,251)
(450,395)
(450,187)
(450,27)
(450,126)
(450,175)
(451,67)
(451,3)
(451,293)
(451,198)
(451,102)
(451,376)
(451,73)
(451,26)
(451,77)
(451,157)
(452,433)
(452,66)
(452,163)
(452,388)
(452,150)
(452,57)
(452,346)
(452,59)
(452,62)
(452,95)
(453,160)
(453,324)
(453,116)
(453,21)
(453,102)
(453,295)
(453,24)
(453,298)
(453,142)
(453,398)
(454,0)
(454,96)
(454,274)
(454,52)
(454,136)
(454,169)
(454,314)
(454,42)
(454,238)
(454,270)
(455,66)
(455,419)
(455,6)
(455,326)
(455,184)
(455,72)
(455,248)
(455,11)
(455,92)
(455,413)
(456,352)
(456,66)
(456,67)
(456,4)
(456,88)
(456,157)
(456,253)
(456,61)
(456,269)
(456,93)
(457,128)
(457,224)
(457,33)
(457,66)
(457,403)
(457,84)
(457,356)
(457,341)
(457,409)
(457,60)
(458,66)
(458,131)
(458,167)
(458,24)
(458,394)
(458,219)
(458,381)
(458,317)
(458,30)
(458,383)
(459,211)
(459,19)
(459,115)
(459,227)
(459,390)
(459,6)
(459,55)
(459,125)
(459,159)
(459,31)
(460,128)
(460,0)
(460,211)
(460,21)
(460,85)
(460,70)
(460,232)
(460,58)
(460,11)
(460,300)
(461,192)
(461,16)
(461,146)
(461,163)
(461,420)
(461,261)
(461,118)
(461,279)
(461,410)
(461,220)
(462,128)
(462,433)
(462,2)
(462,114)
(462,361)
(462,92)
(462,268)
(462,60)
(462,367)
(462,111)
(463,17)
(463,291)
(463,324)
(463,228)
(463,232)
(463,40)
(463,11)
(463,44)
(463,413)
(463,29)
(464,17)
(464,81)
(464,6)
(464,39)
(464,215)
(464,183)
(464,10)
(464,43)
(464,59)
(465,240)
(465,98)
(465,131)
(465,246)
(465,219)
(465,91)
(465,412)
(465,110)
(465,142)
(466,320)
(466,67)
(466,35)
(466,195)
(466,4)
(466,52)
(466,358)
(466,86)
(466,88)
(466,219)
(467,209)
(467,452)
(467,341)
(467,246)
(467,23)
(467,11)
(467,189)
(467,30)
(467,46)
(467,15)
(468,17)
(468,146)
(468,21)
(468,72)
(468,329)
(468,218)
(468,58)
(468,75)
(468,157)
(468,15)
(469,20)
(469,244)
(469,150)
(469,87)
(469,360)
(469,267)
(469,43)
(469,332)
(469,126)
(469,463)
(470,128)
(470,193)
(470,468)
(470,452)
(470,356)
(470,248)
(470,328)
(470,44)
(470,126)
(470,207)
(471,273)
(471,385)
(471,18)
(471,436)
(471,421)
(471,440)
(471,234)
(471,411)
(471,223)
(471,351)
(472,2)
(472,419)
(472,184)
(472,8)
(472,11)
(472,28)
(472,76)
(472,92)
(472,45)
(472,95)
(473,96)
(473,33)
(473,323)
(473,372)
(473,148)
(473,408)
(473,73)
(473,74)
(473,15)
(474,1)
(474,322)
(474,42)
(474,11)
(474,28)
(474,76)
(474,30)
(474,254)
(474,31)
(475,81)
(475,369)
(475,401)
(475,226)
(475,146)
(475,50)
(475,82)
(475,356)
(475,279)
(475,360)
(476,305)
(476,18)
(476,130)
(476,323)
(476,59)
(476,172)
(476,220)
(476,28)
(476,158)
(476,303)
(477,1)
(477,375)
(477,311)
(477,8)
(477,89)
(477,251)
(477,11)
(477,12)
(477,318)
(477,111)
(478,209)
(478,241)
(478,228)
(478,38)
(478,183)
(478,185)
(478,298)
(478,42)
(478,11)
(478,12)
(479,321)
(479,401)
(479,3)
(479,308)
(479,21)
(479,88)
(479,331)
(479,29)
(479,174)
(480,128)
(480,193)
(480,161)
(480,2)
(480,310)
(480,39)
(480,139)
(480,12)
(480,204)
(480,61)
(481,64)
(481,130)
(481,434)
(481,164)
(481,68)
(481,36)
(481,22)
(481,9)
(481,478)
(481,15)
(482,64)
(482,17)
(482,163)
(482,356)
(482,388)
(482,197)
(482,86)
(482,343)
(482,11)
(482,155)
(483,146)
(483,19)
(483,147)
(483,84)
(483,37)
(483,341)
(483,311)
(483,105)
(483,13)
(483,175)
(484,16)
(484,51)
(484,84)
(484,212)
(484,134)
(484,135)
(484,59)
(484,171)
(484,11)
(484,271)
(485,176)
(485,145)
(485,244)
(485,52)
(485,326)
(485,25)
(485,9)
(485,203)
(485,381)
(485,301)
(486,0)
(486,225)
(486,146)
(486,404)
(486,22)
(486,201)
(486,218)
(486,475)
(486,12)
(486,381)
(487,19)
(487,356)
(487,53)
(487,103)
(487,247)
(487,60)
(487,364)
(487,12)
(487,29)
(487,319)
(488,16)
(488,68)
(488,228)
(488,421)
(488,24)
(488,8)
(488,461)
(488,317)
(488,270)
(488,319)
(489,117)
(489,86)
(489,233)
(489,43)
(489,412)
(489,397)
(489,61)
(489,446)
(489,31)
(490,49)
(490,34)
(490,258)
(490,356)
(490,344)
(490,25)
(490,74)
(490,475)
(490,75)
(490,191)
(491,0)
(491,320)
(491,418)
(491,52)
(491,37)
(491,423)
(491,364)
(491,317)
(491,365)
(491,30)
(492,82)
(492,323)
(492,291)
(492,3)
(492,6)
(492,23)
(492,9)
(492,395)
(492,93)
(492,15)
(493,66)
(493,114)
(493,195)
(493,147)
(493,101)
(493,6)
(493,358)
(493,264)
(493,201)
(493,223)
(494,32)
(494,48)
(494,84)
(494,53)
(494,310)
(494,55)
(494,280)
(494,155)
(494,157)
(494,478)
(495,368)
(495,148)
(495,308)
(495,407)
(495,360)
(495,88)
(495,137)
(495,9)
(495,30)
(495,47)
(496,432)
(496,211)
(496,147)
(496,355)
(496,228)
(496,437)
(496,119)
(496,281)
(496,283)
(496,463)
(497,19)
(497,213)
(497,87)
(497,280)
(497,8)
(497,251)
(497,364)
(497,111)
(497,287)
(497,15)
(498,81)
(498,370)
(498,130)
(498,35)
(498,102)
(498,119)
(498,170)
(498,174)
(498,14)
(498,47)
(499,65)
(499,18)
(499,291)
(499,100)
(499,343)
(499,26)
(499,28)
(499,12)
(499,13)
(499,174)
(500,256)
(500,146)
(500,226)
(500,105)
(500,43)
(500,316)
(500,44)
(500,141)
(500,157)
(500,222)
(501,432)
(501,0)
(501,289)
(501,49)
(501,497)
(501,51)
(501,69)
(501,216)
(501,25)
(501,477)
(502,288)
(502,289)
(502,242)
(502,212)
(502,166)
(502,135)
(502,42)
(502,172)
(502,365)
(502,430)
(503,67)
(503,339)
(503,116)
(503,132)
(503,485)
(503,246)
(503,199)
(503,59)
(503,13)
(503,63)
(504,65)
(504,97)
(504,3)
(504,20)
(504,52)
(504,407)
(504,329)
(504,361)
(504,493)
(504,271)
(505,33)
(505,35)
(505,181)
(505,21)
(505,279)
(505,40)
(505,297)
(505,219)
(505,11)
(505,239)
(506,208)
(506,1)
(506,34)
(506,291)
(506,36)
(506,104)
(506,9)
(506,140)
(506,45)
(506,63)
(507,369)
(507,53)
(507,310)
(507,87)
(507,248)
(507,27)
(507,94)
(507,238)
(507,158)
(507,63)
(508,242)
(508,244)
(508,86)
(508,248)
(508,153)
(508,506)
(508,172)
(508,60)
(508,45)
(508,205)
(509,48)
(509,35)
(509,245)
(509,103)
(509,199)
(509,185)
(509,75)
(509,507)
(509,302)
(509,303)
(510,17)
(510,36)
(510,135)
(510,74)
(510,11)
(510,187)
(510,61)
(510,30)
(510,111)
(511,209)
(511,337)
(511,130)
(511,19)
(511,340)
(511,148)
(511,119)
(511,360)
(511,155)
(511,14)
(512,256)
(512,162)
(512,371)
(512,23)
(512,72)
(512,202)
(512,378)
(512,428)
(512,125)
(512,63)
(513,49)
(513,146)
(513,21)
(513,390)
(513,6)
(513,407)
(513,138)
(513,428)
(513,285)
(513,30)
(514,243)
(514,180)
(514,56)
(514,504)
(514,41)
(514,313)
(514,171)
(514,93)
(514,237)
(514,302)
(515,65)
(515,178)
(515,260)
(515,470)
(515,124)
(515,316)
(515,12)
(515,14)
(515,31)
(515,95)
(516,82)
(516,162)
(516,133)
(516,357)
(516,422)
(516,215)
(516,281)
(516,203)
(516,236)
(516,159)
(517,211)
(517,483)
(517,20)
(517,516)
(517,6)
(517,392)
(517,217)
(517,490)
(517,92)
(517,111)
(518,16)
(518,211)
(518,4)
(518,469)
(518,373)
(518,86)
(518,330)
(518,347)
(518,46)
(518,430)
(519,208)
(519,353)
(519,322)
(519,242)
(519,53)
(519,86)
(519,11)
(519,75)
(519,175)
(520,289)
(520,33)
(520,18)
(520,146)
(520,339)
(520,388)
(520,40)
(520,107)
(520,15)
(521,481)
(521,225)
(521,248)
(521,312)
(521,138)
(521,42)
(521,267)
(521,140)
(521,412)
(521,255)
(522,293)
(522,182)
(522,311)
(522,104)
(522,312)
(522,153)
(522,462)
(522,350)
(522,478)
(522,303)
(523,305)
(523,130)
(523,20)
(523,148)
(523,105)
(523,361)
(523,11)
(523,476)
(523,76)
(523,189)
(524,16)
(524,161)
(524,1)
(524,290)
(524,18)
(524,311)
(524,359)
(524,123)
(524,126)
(524,46)
(525,417)
(525,85)
(525,358)
(525,119)
(525,391)
(525,393)
(525,249)
(525,458)
(525,523)
(525,126)
(526,384)
(526,18)
(526,162)
(526,146)
(526,3)
(526,506)
(526,283)
(526,492)
(526,125)
(526,349)
(527,17)
(527,113)
(527,391)
(527,23)
(527,168)
(527,26)
(527,43)
(527,30)
(527,174)
(527,255)
(528,64)
(528,147)
(528,135)
(528,232)
(528,440)
(528,11)
(528,364)
(528,126)
(528,46)
(528,47)
(529,83)
(529,132)
(529,313)
(529,393)
(529,490)
(529,11)
(529,60)
(529,509)
(529,527)
(529,447)
(530,33)
(530,2)
(530,115)
(530,36)
(530,197)
(530,53)
(530,151)
(530,312)
(530,12)
(530,14)
(531,209)
(531,177)
(531,22)
(531,55)
(531,8)
(531,25)
(531,74)
(531,58)
(531,61)
(531,157)
(532,289)
(532,130)
(532,514)
(532,100)
(532,356)
(532,4)
(532,501)
(532,457)
(532,42)
(532,381)
(533,1)
(533,161)
(533,35)
(533,83)
(533,21)
(533,39)
(533,9)
(533,219)
(533,395)
(533,204)
(534,338)
(534,18)
(534,35)
(534,20)
(534,184)
(534,136)
(534,26)
(534,250)
(534,511)
(535,96)
(535,1)
(535,228)
(535,356)
(535,202)
(535,27)
(535,189)
(535,446)
(535,334)
(535,222)
(536,225)
(536,324)
(536,340)
(536,21)
(536,40)
(536,73)
(536,107)
(536,124)
(536,13)
(536,335)
(537,64)
(537,209)
(537,163)
(537,36)
(537,21)
(537,231)
(537,508)
(537,13)
(537,349)
(538,112)
(538,17)
(538,274)
(538,35)
(538,359)
(538,104)
(538,458)
(538,13)
(538,61)
(538,301)
(539,209)
(539,67)
(539,423)
(539,521)
(539,42)
(539,234)
(539,140)
(539,254)
(539,431)
(539,319)
(540,496)
(540,353)
(540,433)
(540,133)
(540,277)
(540,407)
(540,56)
(540,232)
(540,362)
(540,173)
(541,402)
(541,308)
(541,53)
(541,230)
(541,378)
(541,74)
(541,491)
(541,12)
(541,14)
(541,15)
(542,32)
(542,4)
(542,373)
(542,229)
(542,56)
(542,26)
(542,107)
(542,476)
(542,237)
(542,94)
(543,498)
(543,2)
(543,308)
(543,197)
(543,409)
(543,10)
(543,58)
(543,220)
(543,252)
(543,13)
(544,81)
(544,449)
(544,33)
(544,227)
(544,437)
(544,44)
(544,364)
(544,509)
(544,430)
(544,15)
(545,32)
(545,17)
(545,467)
(545,196)
(545,420)
(545,453)
(545,456)
(545,313)
(545,522)
(545,155)
(546,128)
(546,257)
(546,228)
(546,69)
(546,197)
(546,22)
(546,102)
(546,535)
(546,10)
(546,251)
(547,67)
(547,307)
(547,292)
(547,71)
(547,455)
(547,136)
(547,364)
(547,110)
(547,79)
(547,319)
(548,0)
(548,49)
(548,182)
(548,7)
(548,376)
(548,217)
(548,252)
(548,93)
(548,159)
(548,223)
(549,64)
(549,19)
(549,531)
(549,24)
(549,41)
(549,410)
(549,74)
(549,476)
(549,124)
(550,18)
(550,499)
(550,19)
(550,85)
(550,293)
(550,360)
(550,331)
(550,94)
(550,335)
(550,271)
(551,243)
(551,355)
(551,52)
(551,229)
(551,22)
(551,315)
(551,44)
(551,125)
(551,382)
(551,462)
(552,227)
(552,35)
(552,324)
(552,41)
(552,153)
(552,266)
(552,42)
(552,11)
(552,382)
(552,271)
(553,208)
(553,353)
(553,3)
(553,56)
(553,10)
(553,250)
(553,285)
(553,158)
(553,222)
(553,479)
(554,17)
(554,18)
(554,306)
(554,482)
(554,98)
(554,135)
(554,394)
(554,220)
(554,316)
(554,270)
(555,80)
(555,355)
(555,35)
(555,372)
(555,232)
(555,90)
(555,267)
(555,91)
(555,12)
(555,110)
(556,16)
(556,208)
(556,1)
(556,372)
(556,36)
(556,279)
(556,280)
(556,296)
(556,9)
(556,74)
(557,192)
(557,193)
(557,515)
(557,22)
(557,119)
(557,43)
(557,27)
(557,365)
(557,175)
(557,111)
(558,512)
(558,67)
(558,131)
(558,499)
(558,118)
(558,57)
(558,90)
(558,476)
(558,444)
(558,269)
(559,291)
(559,69)
(559,53)
(559,517)
(559,248)
(559,408)
(559,91)
(559,220)
(559,157)
(559,30)
(560,545)
(560,195)
(560,182)
(560,488)
(560,41)
(560,457)
(560,107)
(560,300)
(560,254)
(560,302)
(561,176)
(561,4)
(561,485)
(561,85)
(561,229)
(561,373)
(561,22)
(561,264)
(561,317)
(561,254)
(562,465)
(562,130)
(562,67)
(562,373)
(562,54)
(562,200)
(562,136)
(562,44)
(562,461)
(563,224)
(563,353)
(563,289)
(563,324)
(563,56)
(563,298)
(563,26)
(563,140)
(563,31)
(563,47)
(564,465)
(564,533)
(564,166)
(564,86)
(564,358)
(564,280)
(564,395)
(564,445)
(564,93)
(565,96)
(565,257)
(565,177)
(565,67)
(565,35)
(565,116)
(565,342)
(565,23)
(565,490)
(565,555)
(566,400)
(566,97)
(566,50)
(566,547)
(566,101)
(566,197)
(566,262)
(566,28)
(566,60)
(566,126)
(567,177)
(567,17)
(567,433)
(567,290)
(567,68)
(567,359)
(567,39)
(567,190)
(567,111)
(567,271)
(568,0)
(568,401)
(568,19)
(568,116)
(568,181)
(568,389)
(568,187)
(568,140)
(568,445)
(568,463)
(569,0)
(569,161)
(569,211)
(569,259)
(569,309)
(569,327)
(569,184)
(569,27)
(569,46)
(569,511)
(570,32)
(570,115)
(570,437)
(570,565)
(570,454)
(570,6)
(570,118)
(570,441)
(570,11)
(570,15)
(571,368)
(571,243)
(571,3)
(571,324)
(571,469)
(571,471)
(571,56)
(571,108)
(571,317)
(572,64)
(572,481)
(572,403)
(572,292)
(572,20)
(572,133)
(572,343)
(572,312)
(572,30)
(572,47)
(573,560)
(573,432)
(573,65)
(573,499)
(573,21)
(573,39)
(573,88)
(573,40)
(573,73)
(573,429)
(574,373)
(574,69)
(574,22)
(574,118)
(574,311)
(574,39)
(574,10)
(574,364)
(574,285)
(574,29)
(575,498)
(575,196)
(575,550)
(575,6)
(575,39)
(575,183)
(575,184)
(575,332)
(575,12)
(575,78)
(576,64)
(576,52)
(576,564)
(576,196)
(576,550)
(576,22)
(576,296)
(576,41)
(576,301)
(576,31)
(577,256)
(577,82)
(577,196)
(577,151)
(577,137)
(577,361)
(577,282)
(577,204)
(577,270)
(577,159)
(578,97)
(578,4)
(578,422)
(578,38)
(578,231)
(578,184)
(578,41)
(578,42)
(578,140)
(578,527)
(579,144)
(579,228)
(579,85)
(579,342)
(579,263)
(579,120)
(579,9)
(579,11)
(579,396)
(579,30)
(580,64)
(580,96)
(580,99)
(580,83)
(580,36)
(580,197)
(580,6)
(580,503)
(580,10)
(580,27)
(581,193)
(581,36)
(581,37)
(581,55)
(581,136)
(581,378)
(581,12)
(581,93)
(581,221)
(581,63)
(582,0)
(582,305)
(582,19)
(582,35)
(582,168)
(582,408)
(582,170)
(582,11)
(582,428)
(582,13)
(583,337)
(583,289)
(583,67)
(583,21)
(583,199)
(583,39)
(583,74)
(583,45)
(583,61)
(583,285)
(584,320)
(584,129)
(584,295)
(584,57)
(584,266)
(584,314)
(584,571)
(584,219)
(584,158)
(584,47)
(585,496)
(585,1)
(585,149)
(585,550)
(585,55)
(585,391)
(585,297)
(585,58)
(585,74)
(585,31)
(586,305)
(586,435)
(586,117)
(586,38)
(586,167)
(586,295)
(586,250)
(586,220)
(586,77)
(586,61)
(587,193)
(587,36)
(587,324)
(587,21)
(587,40)
(587,473)
(587,249)
(587,426)
(587,158)
(587,15)
(588,194)
(588,4)
(588,22)
(588,23)
(588,24)
(588,264)
(588,124)
(588,542)
(588,462)
(588,30)
(589,18)
(589,468)
(589,389)
(589,57)
(589,394)
(589,299)
(589,427)
(589,12)
(589,28)
(589,95)
(590,32)
(590,116)
(590,71)
(590,151)
(590,488)
(590,9)
(590,26)
(590,106)
(590,317)
(590,110)
(591,210)
(591,20)
(591,229)
(591,85)
(591,310)
(591,57)
(591,377)
(591,460)
(591,590)
(591,14)
(592,497)
(592,357)
(592,199)
(592,40)
(592,312)
(592,280)
(592,11)
(592,107)
(592,267)
(592,46)
(593,114)
(593,181)
(593,21)
(593,54)
(593,56)
(593,43)
(593,413)
(593,93)
(593,493)
(593,31)
(594,273)
(594,467)
(594,54)
(594,279)
(594,169)
(594,42)
(594,316)
(594,413)
(594,318)
(594,79)
(595,128)
(595,240)
(595,244)
(595,152)
(595,505)
(595,137)
(595,218)
(595,77)
(595,157)
(595,31)
(596,48)
(596,1)
(596,274)
(596,3)
(596,4)
(596,325)
(596,7)
(596,9)
(596,313)
(596,522)
(597,129)
(597,81)
(597,50)
(597,323)
(597,99)
(597,10)
(597,61)
(597,13)
(597,14)
(597,95)
(598,192)
(598,321)
(598,547)
(598,404)
(598,390)
(598,87)
(598,456)
(598,88)
(598,427)
(598,125)
(599,33)
(599,289)
(599,418)
(599,35)
(599,244)
(599,308)
(599,184)
(599,281)
(599,461)
(599,13)
(600,96)
(600,131)
(600,135)
(600,8)
(600,280)
(600,170)
(600,91)
(600,204)
(600,316)
(600,269)
(601,176)
(601,83)
(601,599)
(601,264)
(601,8)
(601,91)
(601,139)
(601,11)
(601,492)
(601,141)
(602,17)
(602,36)
(602,52)
(602,201)
(602,171)
(602,11)
(602,124)
(602,12)
(602,220)
(602,141)
(603,0)
(603,225)
(603,227)
(603,357)
(603,69)
(603,55)
(603,136)
(603,557)
(603,478)
(603,47)
(604,33)
(604,34)
(604,66)
(604,4)
(604,118)
(604,392)
(604,188)
(604,30)
(604,446)
(604,143)
(605,32)
(605,82)
(605,484)
(605,500)
(605,133)
(605,183)
(605,120)
(605,107)
(605,444)
(605,221)
(606,512)
(606,547)
(606,38)
(606,295)
(606,56)
(606,185)
(606,26)
(606,43)
(606,110)
(606,207)
(607,368)
(607,226)
(607,482)
(607,83)
(607,132)
(607,391)
(607,184)
(607,169)
(607,107)
(607,126)
(608,128)
(608,66)
(608,313)
(608,362)
(608,11)
(608,43)
(608,347)
(608,155)
(608,30)
(608,366)
(609,97)
(609,18)
(609,50)
(609,4)
(609,117)
(609,215)
(609,135)
(609,8)
(609,363)
(610,320)
(610,356)
(610,22)
(610,136)
(610,41)
(610,474)
(610,42)
(610,170)
(610,523)
(610,299)
(611,0)
(611,48)
(611,241)
(611,18)
(611,514)
(611,276)
(611,150)
(611,172)
(611,29)
(611,414)
(612,324)
(612,133)
(612,421)
(612,504)
(612,105)
(612,346)
(612,108)
(612,428)
(612,397)
(612,462)
(613,416)
(613,0)
(613,481)
(613,129)
(613,81)
(613,214)
(613,167)
(613,103)
(613,44)
(613,509)
(614,0)
(614,224)
(614,51)
(614,227)
(614,36)
(614,119)
(614,248)
(614,89)
(614,409)
(614,76)
(615,128)
(615,433)
(615,39)
(615,25)
(615,474)
(615,555)
(615,283)
(615,302)
(615,46)
(615,303)
(616,64)
(616,290)
(616,546)
(616,324)
(616,468)
(616,213)
(616,39)
(616,74)
(616,75)
(616,349)
(617,67)
(617,21)
(617,342)
(617,438)
(617,552)
(617,169)
(617,73)
(617,331)
(617,28)
(617,31)
(618,132)
(618,23)
(618,39)
(618,200)
(618,472)
(618,378)
(618,27)
(618,44)
(618,124)
(618,509)
(619,4)
(619,180)
(619,325)
(619,406)
(619,153)
(619,75)
(619,412)
(619,77)
(619,175)
(620,32)
(620,514)
(620,578)
(620,115)
(620,4)
(620,22)
(620,136)
(620,505)
(620,29)
(620,125)
(621,0)
(621,33)
(621,242)
(621,115)
(621,21)
(621,9)
(621,378)
(621,540)
(621,14)
(622,66)
(622,53)
(622,184)
(622,394)
(622,362)
(622,42)
(622,380)
(622,429)
(622,301)
(622,14)
(623,2)
(623,51)
(623,469)
(623,86)
(623,216)
(623,360)
(623,522)
(623,380)
(623,415)
(623,15)
(624,449)
(624,482)
(624,610)
(624,370)
(624,100)
(624,118)
(624,102)
(624,552)
(624,205)
(624,30)
(625,65)
(625,353)
(625,51)
(625,38)
(625,71)
(625,25)
(625,394)
(625,10)
(625,350)
(625,31)
(626,81)
(626,562)
(626,3)
(626,180)
(626,597)
(626,39)
(626,9)
(626,171)
(626,315)
(626,462)
(627,256)
(627,19)
(627,132)
(627,37)
(627,54)
(627,566)
(627,55)
(627,153)
(627,10)
(627,427)
(628,337)
(628,67)
(628,36)
(628,84)
(628,197)
(628,118)
(628,603)
(628,525)
(628,349)
(628,415)
(629,625)
(629,290)
(629,18)
(629,485)
(629,422)
(629,550)
(629,505)
(629,187)
(629,556)
(629,509)
(630,240)
(630,609)
(630,419)
(630,99)
(630,166)
(630,297)
(630,169)
(630,315)
(630,316)
(630,207)
(631,161)
(631,102)
(631,358)
(631,23)
(631,8)
(631,616)
(631,42)
(631,282)
(631,15)
(631,303)
(632,208)
(632,128)
(632,465)
(632,583)
(632,119)
(632,488)
(632,11)
(632,571)
(632,476)
(632,93)
(633,32)
(633,1)
(633,305)
(633,213)
(633,470)
(633,11)
(633,27)
(633,45)
(634,18)
(634,3)
(634,516)
(634,21)
(634,6)
(634,632)
(634,8)
(634,27)
(634,124)
(634,13)
(635,19)
(635,372)
(635,597)
(635,6)
(635,13)
(635,14)
(635,78)
(635,31)
(635,95)
(635,15)
(636,565)
(636,56)
(636,328)
(636,11)
(636,571)
(636,555)
(636,396)
(636,30)
(636,191)
(636,111)
(637,320)
(637,33)
(637,481)
(637,69)
(637,517)
(637,423)
(637,73)
(637,11)
(637,508)
(637,286)
(638,160)
(638,289)
(638,67)
(638,532)
(638,135)
(638,536)
(638,441)
(638,459)
(638,187)
(638,44)
(639,16)
(639,352)
(639,289)
(639,259)
(639,579)
(639,596)
(639,91)
(639,60)
(639,14)
(639,543)
(640,208)
(640,593)
(640,434)
(640,130)
(640,212)
(640,102)
(640,362)
(640,506)
(640,91)
(640,318)
(641,226)
(641,594)
(641,294)
(641,568)
(641,264)
(641,537)
(641,170)
(641,523)
(641,286)
(641,127)
(642,2)
(642,340)
(642,612)
(642,8)
(642,296)
(642,56)
(642,90)
(642,346)
(642,269)
(642,15)
(643,385)
(643,33)
(643,20)
(643,534)
(643,390)
(643,281)
(643,9)
(643,58)
(643,44)
(643,31)
(644,3)
(644,165)
(644,310)
(644,72)
(644,11)
(644,123)
(644,347)
(644,60)
(644,637)
(644,174)
(645,482)
(645,230)
(645,406)
(645,374)
(645,87)
(645,40)
(645,186)
(645,155)
(645,462)
(645,127)
(646,497)
(646,33)
(646,130)
(646,310)
(646,6)
(646,328)
(646,24)
(646,476)
(646,237)
(646,95)
(647,352)
(647,193)
(647,34)
(647,275)
(647,69)
(647,598)
(647,408)
(647,492)
(647,575)
(648,241)
(648,18)
(648,228)
(648,452)
(648,4)
(648,201)
(648,602)
(648,604)
(648,300)
(648,510)
(649,33)
(649,18)
(649,312)
(649,328)
(649,360)
(649,11)
(649,124)
(649,77)
(649,93)
(649,543)
(650,592)
(650,177)
(650,97)
(650,18)
(650,3)
(650,311)
(650,109)
(650,541)
(650,173)
(650,622)
(651,3)
(651,440)
(651,88)
(651,249)
(651,251)
(651,635)
(651,492)
(651,349)
(651,558)
(651,206)
(652,289)
(652,66)
(652,34)
(652,485)
(652,312)
(652,10)
(652,28)
(652,349)
(652,605)
(652,447)
(653,225)
(653,565)
(653,310)
(653,327)
(653,24)
(653,444)
(653,173)
(653,221)
(653,110)
(654,96)
(654,97)
(654,17)
(654,228)
(654,469)
(654,42)
(654,346)
(654,204)
(654,28)
(654,335)
(655,560)
(655,146)
(655,227)
(655,196)
(655,502)
(655,650)
(655,91)
(655,299)
(655,44)
(655,110)
(656,384)
(656,0)
(656,17)
(656,6)
(656,617)
(656,26)
(656,556)
(656,44)
(656,61)
(656,222)
(657,608)
(657,337)
(657,421)
(657,135)
(657,87)
(657,459)
(657,652)
(657,13)
(657,141)
(657,318)
(658,369)
(658,514)
(658,69)
(658,262)
(658,506)
(658,155)
(658,172)
(658,606)
(658,447)
(658,255)
(659,32)
(659,49)
(659,370)
(659,82)
(659,52)
(659,22)
(659,201)
(659,75)
(659,573)
(659,431)
(660,146)
(660,162)
(660,438)
(660,391)
(660,39)
(660,600)
(660,154)
(660,189)
(660,319)
(661,400)
(661,114)
(661,580)
(661,148)
(661,388)
(661,74)
(661,206)
(661,398)
(661,15)
(661,415)
(662,288)
(662,178)
(662,51)
(662,148)
(662,87)
(662,72)
(662,650)
(662,75)
(662,300)
(662,255)
(663,128)
(663,272)
(663,546)
(663,482)
(663,564)
(663,86)
(663,295)
(663,105)
(663,587)
(663,622)
(664,33)
(664,99)
(664,227)
(664,309)
(664,550)
(664,316)
(664,492)
(664,222)
(664,543)
(664,63)
(665,38)
(665,392)
(665,26)
(665,156)
(665,76)
(665,556)
(665,573)
(665,286)
(665,31)
(665,495)
(666,1)
(666,130)
(666,306)
(666,565)
(666,53)
(666,165)
(666,614)
(666,87)
(666,638)
(666,303)
(667,272)
(667,16)
(667,1)
(667,114)
(667,403)
(667,87)
(667,27)
(667,172)
(667,28)
(667,255)
(668,432)
(668,434)
(668,99)
(668,644)
(668,149)
(668,121)
(668,233)
(668,11)
(668,621)
(668,174)
(669,608)
(669,64)
(669,82)
(669,114)
(669,4)
(669,101)
(669,119)
(669,12)
(669,365)
(669,350)
(670,512)
(670,4)
(670,277)
(670,439)
(670,8)
(670,10)
(670,426)
(670,602)
(670,219)
(670,331)
(671,448)
(671,100)
(671,453)
(671,150)
(671,326)
(671,472)
(671,232)
(671,474)
(671,266)
(671,29)
(672,146)
(672,468)
(672,103)
(672,184)
(672,409)
(672,204)
(672,206)
(672,382)
(672,255)
(672,159)
(673,32)
(673,114)
(673,642)
(673,21)
(673,53)
(673,581)
(673,9)
(673,76)
(673,173)
(673,271)
(674,49)
(674,130)
(674,18)
(674,467)
(674,24)
(674,393)
(674,26)
(674,11)
(674,123)
(674,14)
(675,354)
(675,35)
(675,100)
(675,197)
(675,586)
(675,348)
(675,349)
(675,238)
(675,494)
(676,114)
(676,563)
(676,101)
(676,72)
(676,392)
(676,138)
(676,219)
(676,476)
(676,669)
(676,302)
(677,354)
(677,340)
(677,166)
(677,9)
(677,107)
(677,460)
(677,221)
(677,365)
(677,495)
(677,95)
(678,32)
(678,337)
(678,98)
(678,50)
(678,130)
(678,675)
(678,4)
(678,539)
(678,651)
(678,94)
(679,544)
(679,0)
(679,163)
(679,4)
(679,485)
(679,373)
(679,487)
(679,44)
(679,93)
(679,14)
(680,18)
(680,67)
(680,179)
(680,549)
(680,170)
(680,251)
(680,364)
(680,125)
(680,29)
(680,14)
(681,291)
(681,611)
(681,116)
(681,532)
(681,373)
(681,87)
(681,40)
(681,554)
(681,60)
(681,15)
(682,32)
(682,145)
(682,53)
(682,390)
(682,24)
(682,377)
(682,681)
(682,268)
(682,44)
(682,79)
(683,32)
(683,0)
(683,257)
(683,51)
(683,325)
(683,469)
(683,342)
(683,136)
(683,409)
(683,30)
(684,1)
(684,609)
(684,36)
(684,599)
(684,488)
(684,25)
(684,171)
(684,173)
(684,205)
(684,95)
(685,81)
(685,548)
(685,565)
(685,69)
(685,54)
(685,56)
(685,58)
(685,170)
(685,620)
(685,414)
(686,400)
(686,658)
(686,4)
(686,469)
(686,117)
(686,184)
(686,268)
(686,29)
(686,414)
(686,462)
(687,81)
(687,213)
(687,119)
(687,56)
(687,90)
(687,267)
(687,621)
(687,589)
(687,14)
(687,510)
(688,65)
(688,177)
(688,405)
(688,470)
(688,22)
(688,440)
(688,491)
(688,204)
(688,13)
(688,14)
(689,352)
(689,6)
(689,406)
(689,390)
(689,40)
(689,25)
(689,233)
(689,378)
(689,46)
(689,590)
(690,81)
(690,193)
(690,36)
(690,148)
(690,229)
(690,472)
(690,232)
(690,572)
(690,94)
(691,448)
(691,241)
(691,129)
(691,673)
(691,19)
(691,390)
(691,106)
(691,603)
(691,557)
(691,30)
(692,579)
(692,403)
(692,261)
(692,488)
(692,425)
(692,139)
(692,12)
(692,124)
(692,524)
(692,14)
(693,16)
(693,35)
(693,84)
(693,36)
(693,69)
(693,421)
(693,329)
(693,105)
(693,413)
(693,63)
(694,0)
(694,194)
(694,179)
(694,21)
(694,261)
(694,423)
(694,552)
(694,25)
(694,157)
(694,29)
(695,65)
(695,612)
(695,357)
(695,86)
(695,553)
(695,297)
(695,347)
(695,172)
(695,13)
(695,142)
(696,288)
(696,18)
(696,562)
(696,115)
(696,293)
(696,22)
(696,23)
(696,58)
(696,491)
(696,335)
(697,352)
(697,0)
(697,209)
(697,19)
(697,52)
(697,132)
(697,21)
(697,55)
(697,430)
(697,111)
(698,544)
(698,436)
(698,101)
(698,9)
(698,442)
(698,379)
(698,235)
(698,189)
(698,13)
(698,79)
(699,17)
(699,65)
(699,273)
(699,210)
(699,36)
(699,23)
(699,73)
(699,441)
(699,346)
(699,107)
(700,642)
(700,84)
(700,294)
(700,438)
(700,391)
(700,40)
(700,507)
(700,572)
(700,108)
(700,77)
(701,577)
(701,340)
(701,53)
(701,518)
(701,359)
(701,73)
(701,137)
(701,282)
(701,27)
(702,48)
(702,273)
(702,196)
(702,4)
(702,73)
(702,553)
(702,555)
(702,157)
(702,222)
(702,110)
(703,66)
(703,420)
(703,36)
(703,168)
(703,169)
(703,541)
(703,669)
(703,29)
(703,14)
(703,286)
(704,336)
(704,32)
(704,594)
(704,452)
(704,182)
(704,263)
(704,56)
(704,682)
(704,42)
(704,171)
(705,352)
(705,50)
(705,19)
(705,149)
(705,22)
(705,378)
(705,347)
(705,284)
(705,126)
(705,431)
(706,274)
(706,530)
(706,340)
(706,693)
(706,182)
(706,326)
(706,233)
(706,106)
(706,126)
(706,702)
(707,16)
(707,161)
(707,132)
(707,405)
(707,6)
(707,331)
(707,684)
(707,13)
(707,142)
(707,31)
(708,644)
(708,4)
(708,21)
(708,277)
(708,246)
(708,39)
(708,216)
(708,411)
(708,365)
(708,127)
(709,176)
(709,418)
(709,404)
(709,182)
(709,168)
(709,9)
(709,218)
(709,539)
(709,27)
(709,671)
(710,16)
(710,146)
(710,692)
(710,36)
(710,180)
(710,440)
(710,360)
(710,137)
(710,317)
(710,14)
(711,208)
(711,225)
(711,162)
(711,324)
(711,132)
(711,614)
(711,105)
(711,396)
(711,413)
(711,175)
(712,194)
(712,36)
(712,132)
(712,22)
(712,7)
(712,119)
(712,91)
(712,461)
(712,31)
(712,655)
(713,97)
(713,305)
(713,291)
(713,628)
(713,550)
(713,247)
(713,104)
(713,13)
(713,414)
(713,94)
(714,290)
(714,388)
(714,68)
(714,7)
(714,151)
(714,39)
(714,9)
(714,46)
(714,62)
(714,670)
(715,176)
(715,80)
(715,18)
(715,690)
(715,515)
(715,67)
(715,116)
(715,228)
(715,14)
(715,207)
(716,192)
(716,114)
(716,692)
(716,165)
(716,88)
(716,24)
(716,10)
(716,394)
(716,58)
(716,571)
(717,36)
(717,85)
(717,6)
(717,120)
(717,251)
(717,347)
(717,43)
(717,94)
(717,238)
(717,15)
(718,0)
(718,18)
(718,421)
(718,102)
(718,649)
(718,44)
(718,140)
(718,302)
(718,398)
(718,286)
(719,496)
(719,320)
(719,64)
(719,466)
(719,531)
(719,566)
(719,72)
(719,601)
(719,122)
(719,428)
(720,210)
(720,355)
(720,467)
(720,278)
(720,454)
(720,377)
(720,11)
(720,604)
(720,13)
(720,718)
(721,33)
(721,577)
(721,486)
(721,102)
(721,56)
(721,233)
(721,9)
(721,410)
(721,126)
(721,303)
(722,145)
(722,611)
(722,245)
(722,567)
(722,74)
(722,410)
(722,15)
(722,351)
(722,511)
(723,195)
(723,435)
(723,148)
(723,276)
(723,132)
(723,149)
(723,22)
(723,183)
(723,74)
(723,559)
(724,131)
(724,563)
(724,372)
(724,85)
(724,56)
(724,587)
(724,75)
(724,302)
(724,31)
(725,112)
(725,496)
(725,51)
(725,212)
(725,296)
(725,216)
(725,171)
(725,236)
(725,14)
(725,78)
(726,129)
(726,83)
(726,436)
(726,68)
(726,357)
(726,69)
(726,218)
(726,685)
(726,126)
(726,94)
(727,289)
(727,646)
(727,72)
(727,440)
(727,120)
(727,635)
(727,12)
(727,221)
(727,45)
(727,13)
(728,352)
(728,64)
(728,226)
(728,99)
(728,549)
(728,21)
(728,390)
(728,11)
(728,495)
(728,303)
(729,384)
(729,565)
(729,279)
(729,295)
(729,648)
(729,507)
(729,75)
(729,11)
(729,286)
(730,436)
(730,22)
(730,247)
(730,40)
(730,410)
(730,122)
(730,715)
(730,301)
(730,509)
(730,14)
(731,529)
(731,148)
(731,212)
(731,453)
(731,422)
(731,696)
(731,651)
(731,59)
(731,331)
(731,639)
(732,416)
(732,594)
(732,67)
(732,328)
(732,365)
(732,269)
(732,606)
(732,686)
(732,94)
(732,382)
(733,242)
(733,195)
(733,35)
(733,163)
(733,277)
(733,23)
(733,168)
(733,74)
(733,220)
(733,543)
(734,672)
(734,465)
(734,98)
(734,66)
(734,164)
(734,517)
(734,151)
(734,215)
(734,44)
(734,15)
(735,96)
(735,2)
(735,133)
(735,22)
(735,71)
(735,728)
(735,265)
(735,26)
(735,30)
(735,158)
(736,353)
(736,339)
(736,212)
(736,84)
(736,311)
(736,88)
(736,424)
(736,441)
(736,154)
(736,78)
(737,64)
(737,177)
(737,386)
(737,403)
(737,85)
(737,168)
(737,9)
(737,202)
(737,11)
(737,239)
(738,722)
(738,274)
(738,101)
(738,37)
(738,695)
(738,569)
(738,378)
(738,122)
(738,75)
(738,268)
(739,512)
(739,308)
(739,373)
(739,55)
(739,426)
(739,43)
(739,12)
(739,206)
(739,14)
(740,67)
(740,136)
(740,106)
(740,378)
(740,731)
(740,11)
(740,684)
(740,110)
(740,30)
(740,15)
(741,16)
(741,352)
(741,546)
(741,18)
(741,22)
(741,409)
(741,491)
(741,318)
(741,14)
(741,287)
(742,401)
(742,99)
(742,21)
(742,582)
(742,217)
(742,617)
(742,9)
(742,42)
(742,26)
(742,461)
(743,17)
(743,52)
(743,581)
(743,517)
(743,73)
(743,12)
(743,124)
(743,13)
(743,413)
(743,318)
(744,128)
(744,417)
(744,401)
(744,644)
(744,36)
(744,726)
(744,168)
(744,153)
(744,201)
(744,412)
(745,624)
(745,0)
(745,210)
(745,323)
(745,21)
(745,23)
(745,249)
(745,11)
(745,252)
(745,12)
(746,32)
(746,151)
(746,42)
(746,250)
(746,411)
(746,237)
(746,109)
(746,317)
(746,30)
(746,255)
(747,176)
(747,578)
(747,2)
(747,708)
(747,196)
(747,293)
(747,23)
(747,280)
(747,169)
(747,250)
(748,0)
(748,162)
(748,259)
(748,500)
(748,4)
(748,469)
(748,139)
(748,220)
(748,286)
(748,495)
(749,384)
(749,641)
(749,483)
(749,516)
(749,380)
(749,140)
(749,574)
(749,15)
(749,511)
(750,352)
(750,417)
(750,689)
(750,67)
(750,3)
(750,341)
(750,507)
(750,204)
(750,271)
(750,655)
(751,592)
(751,225)
(751,54)
(751,9)
(751,26)
(751,603)
(751,219)
(751,684)
(751,92)
(751,109)
(752,721)
(752,161)
(752,194)
(752,275)
(752,69)
(752,103)
(752,681)
(752,42)
(752,395)
(752,495)
(753,624)
(753,689)
(753,692)
(753,53)
(753,357)
(753,214)
(753,89)
(753,684)
(753,461)
(753,31)
(754,384)
(754,481)
(754,657)
(754,385)
(754,168)
(754,40)
(754,424)
(754,57)
(754,266)
(754,13)
(755,400)
(755,1)
(755,130)
(755,68)
(755,213)
(755,40)
(755,42)
(755,346)
(755,27)
(755,174)
(756,114)
(756,69)
(756,72)
(756,57)
(756,553)
(756,458)
(756,619)
(756,315)
(756,43)
(756,30)
(757,1)
(757,18)
(757,280)
(757,168)
(757,746)
(757,75)
(757,187)
(757,684)
(757,254)
(758,737)
(758,129)
(758,369)
(758,21)
(758,102)
(758,40)
(758,314)
(758,10)
(758,12)
(758,14)
(759,689)
(759,483)
(759,486)
(759,39)
(759,439)
(759,440)
(759,41)
(759,745)
(759,410)
(759,590)
(760,16)
(760,257)
(760,21)
(760,358)
(760,440)
(760,201)
(760,553)
(760,155)
(760,76)
(760,141)
(761,144)
(761,36)
(761,149)
(761,133)
(761,72)
(761,408)
(761,665)
(761,25)
(761,201)
(761,623)
(762,401)
(762,305)
(762,497)
(762,17)
(762,402)
(762,421)
(762,630)
(762,440)
(762,639)
(762,63)
(763,84)
(763,628)
(763,517)
(763,373)
(763,679)
(763,729)
(763,282)
(763,171)
(763,447)
(763,175)
(764,608)
(764,275)
(764,227)
(764,676)
(764,405)
(764,293)
(764,567)
(764,184)
(764,90)
(764,125)
(765,672)
(765,209)
(765,721)
(765,66)
(765,196)
(765,375)
(765,394)
(765,60)
(765,29)
(765,14)
(766,81)
(766,18)
(766,743)
(766,199)
(766,568)
(766,328)
(766,475)
(766,124)
(766,637)
(766,14)
(767,640)
(767,480)
(767,674)
(767,69)
(767,663)
(767,186)
(767,203)
(767,700)
(767,207)
(767,63)
(768,592)
(768,656)
(768,162)
(768,115)
(768,117)
(768,328)
(768,41)
(768,9)
(768,362)
(768,447)
(769,18)
(769,2)
(769,756)
(769,37)
(769,599)
(769,40)
(769,169)
(769,233)
(769,11)
(769,703)
(770,52)
(770,325)
(770,296)
(770,504)
(770,27)
(770,732)
(770,13)
(770,221)
(770,206)
(770,670)
(771,738)
(771,116)
(771,23)
(771,9)
(771,474)
(771,74)
(771,412)
(771,29)
(771,478)
(771,223)
(772,33)
(772,137)
(772,58)
(772,379)
(772,27)
(772,539)
(772,107)
(772,492)
(772,302)
(773,434)
(773,82)
(773,275)
(773,356)
(773,122)
(773,74)
(773,219)
(773,668)
(773,30)
(773,111)
(774,208)
(774,256)
(774,192)
(774,244)
(774,117)
(774,9)
(774,347)
(774,235)
(774,766)
(774,206)
(775,80)
(775,419)
(775,435)
(775,36)
(775,24)
(775,234)
(775,74)
(775,11)
(775,93)
(775,158)
(776,738)
(776,339)
(776,756)
(776,117)
(776,502)
(776,198)
(776,775)
(776,361)
(776,153)
(776,510)
(777,738)
(777,116)
(777,20)
(777,325)
(777,24)
(777,488)
(777,474)
(777,283)
(777,444)
(777,751)
(778,512)
(778,546)
(778,39)
(778,23)
(778,536)
(778,394)
(778,44)
(778,268)
(778,14)
(778,111)
(779,64)
(779,389)
(779,181)
(779,167)
(779,712)
(779,328)
(779,602)
(779,93)
(779,175)
(779,95)
(780,752)
(780,4)
(780,20)
(780,500)
(780,359)
(780,120)
(780,520)
(780,25)
(780,107)
(780,766)
(781,32)
(781,738)
(781,50)
(781,179)
(781,227)
(781,340)
(781,10)
(781,458)
(781,234)
(781,380)
(782,16)
(782,418)
(782,68)
(782,54)
(782,425)
(782,378)
(782,123)
(782,299)
(782,11)
(782,446)
(783,176)
(783,33)
(783,342)
(783,455)
(783,775)
(783,184)
(783,251)
(783,668)
(783,141)
(783,607)
(784,32)
(784,373)
(784,136)
(784,584)
(784,201)
(784,10)
(784,764)
(784,461)
(784,95)
(784,431)
(785,32)
(785,194)
(785,51)
(785,388)
(785,634)
(785,285)
(785,45)
(785,478)
(785,206)
(785,303)
(786,592)
(786,722)
(786,18)
(786,19)
(786,340)
(786,693)
(786,6)
(786,40)
(786,312)
(786,157)
(787,82)
(787,340)
(787,615)
(787,41)
(787,650)
(787,27)
(787,109)
(787,558)
(787,31)
(787,47)
(788,289)
(788,405)
(788,6)
(788,534)
(788,678)
(788,7)
(788,233)
(788,11)
(788,187)
(788,605)
(789,146)
(789,35)
(789,660)
(789,24)
(789,56)
(789,104)
(789,378)
(789,63)
(789,31)
(790,81)
(790,274)
(790,2)
(790,99)
(790,565)
(790,117)
(790,438)
(790,22)
(790,168)
(790,315)
(791,496)
(791,227)
(791,501)
(791,519)
(791,24)
(791,248)
(791,10)
(791,74)
(791,415)
(791,31)
(792,465)
(792,162)
(792,467)
(792,773)
(792,56)
(792,42)
(792,171)
(792,460)
(792,397)
(792,255)
(793,546)
(793,21)
(793,37)
(793,53)
(793,54)
(793,70)
(793,232)
(793,744)
(793,42)
(793,332)
(794,467)
(794,117)
(794,648)
(794,680)
(794,105)
(794,186)
(794,187)
(794,141)
(794,255)
(794,15)
(795,416)
(795,721)
(795,626)
(795,52)
(795,793)
(795,89)
(795,716)
(795,126)
(795,735)
(795,79)
(796,163)
(796,4)
(796,133)
(796,165)
(796,86)
(796,215)
(796,43)
(796,44)
(796,349)
(797,438)
(797,296)
(797,56)
(797,184)
(797,394)
(797,27)
(797,443)
(797,395)
(797,766)
(797,574)
(798,32)
(798,496)
(798,594)
(798,23)
(798,329)
(798,266)
(798,58)
(798,268)
(798,718)
(798,15)
(799,144)
(799,738)
(799,35)
(799,644)
(799,645)
(799,167)
(799,41)
(799,378)
(799,475)
(799,14)
(800,272)
(800,226)
(800,21)
(800,613)
(800,85)
(800,634)
(800,333)
(800,30)
(800,542)
(800,655)
(801,609)
(801,786)
(801,676)
(801,132)
(801,69)
(801,181)
(801,40)
(801,315)
(801,541)
(801,494)
(802,0)
(802,466)
(802,178)
(802,51)
(802,164)
(802,474)
(802,378)
(802,639)
(802,559)
(802,543)
(803,272)
(803,802)
(803,2)
(803,372)
(803,71)
(803,40)
(803,24)
(803,249)
(803,218)
(803,28)
(804,720)
(804,705)
(804,66)
(804,67)
(804,37)
(804,5)
(804,149)
(804,87)
(804,74)
(804,47)
(805,625)
(805,19)
(805,276)
(805,86)
(805,312)
(805,74)
(805,44)
(805,77)
(805,111)
(805,495)
(806,19)
(806,38)
(806,662)
(806,9)
(806,299)
(806,427)
(806,28)
(806,428)
(806,204)
(806,239)
(807,736)
(807,64)
(807,709)
(807,102)
(807,630)
(807,56)
(807,265)
(807,25)
(807,586)
(807,11)
(808,560)
(808,225)
(808,241)
(808,545)
(808,499)
(808,40)
(808,793)
(808,377)
(808,265)
(808,380)
(809,289)
(809,130)
(809,342)
(809,135)
(809,167)
(809,24)
(809,153)
(809,138)
(809,26)
(809,414)
(810,209)
(810,52)
(810,4)
(810,197)
(810,69)
(810,710)
(810,23)
(810,90)
(810,267)
(810,543)
(811,0)
(811,497)
(811,322)
(811,213)
(811,550)
(811,55)
(811,537)
(811,187)
(811,428)
(811,413)
(812,32)
(812,368)
(812,85)
(812,22)
(812,102)
(812,406)
(812,186)
(812,171)
(812,173)
(812,285)
(813,128)
(813,740)
(813,614)
(813,487)
(813,391)
(813,568)
(813,217)
(813,219)
(813,11)
(813,398)
(814,513)
(814,801)
(814,370)
(814,18)
(814,243)
(814,40)
(814,169)
(814,105)
(814,286)
(814,622)
(815,32)
(815,97)
(815,82)
(815,357)
(815,454)
(815,25)
(815,265)
(815,41)
(815,43)
(815,447)
(816,1)
(816,673)
(816,2)
(816,34)
(816,339)
(816,310)
(816,295)
(816,11)
(816,12)
(816,108)
(817,80)
(817,289)
(817,100)
(817,406)
(817,758)
(817,315)
(817,172)
(817,716)
(817,317)
(817,157)
(818,496)
(818,0)
(818,323)
(818,35)
(818,501)
(818,40)
(818,56)
(818,24)
(818,10)
(818,110)
(819,3)
(819,739)
(819,276)
(819,293)
(819,22)
(819,680)
(819,616)
(819,444)
(819,620)
(819,318)
(820,33)
(820,370)
(820,66)
(820,388)
(820,375)
(820,507)
(820,60)
(820,156)
(820,380)
(820,302)
(821,144)
(821,177)
(821,49)
(821,465)
(821,36)
(821,68)
(821,565)
(821,426)
(821,13)
(821,46)
(822,16)
(822,3)
(822,503)
(822,599)
(822,313)
(822,27)
(822,204)
(822,172)
(822,269)
(822,542)
(823,64)
(823,306)
(823,196)
(823,694)
(823,246)
(823,119)
(823,151)
(823,264)
(823,138)
(823,107)
(824,0)
(824,32)
(824,289)
(824,786)
(824,403)
(824,21)
(824,762)
(824,58)
(824,157)
(824,351)
(825,720)
(825,18)
(825,403)
(825,295)
(825,40)
(825,9)
(825,57)
(825,650)
(825,301)
(826,419)
(826,21)
(826,22)
(826,358)
(826,40)
(826,25)
(826,58)
(826,443)
(826,11)
(826,654)
(827,144)
(827,51)
(827,644)
(827,693)
(827,615)
(827,763)
(827,812)
(827,46)
(827,622)
(827,302)
(828,369)
(828,98)
(828,36)
(828,198)
(828,279)
(828,232)
(828,778)
(828,538)
(828,12)
(828,14)
(829,224)
(829,466)
(829,18)
(829,99)
(829,116)
(829,37)
(829,310)
(829,201)
(829,123)
(829,187)
(830,485)
(830,85)
(830,326)
(830,6)
(830,375)
(830,9)
(830,462)
(830,334)
(831,161)
(831,370)
(831,499)
(831,101)
(831,293)
(831,727)
(831,41)
(831,188)
(831,15)
(831,751)
(832,177)
(832,195)
(832,84)
(832,100)
(832,22)
(832,39)
(832,55)
(832,28)
(832,557)
(832,254)
(833,209)
(833,81)
(833,401)
(833,1)
(833,309)
(833,87)
(833,507)
(833,475)
(833,748)
(833,30)
(834,304)
(834,146)
(834,370)
(834,21)
(834,373)
(834,614)
(834,790)
(834,10)
(834,619)
(834,317)
(835,65)
(835,354)
(835,18)
(835,707)
(835,790)
(835,70)
(835,425)
(835,27)
(835,572)
(835,828)
(836,32)
(836,464)
(836,593)
(836,453)
(836,102)
(836,441)
(836,313)
(836,42)
(836,27)
(836,29)
(837,48)
(837,659)
(837,804)
(837,70)
(837,56)
(837,585)
(837,233)
(837,25)
(837,666)
(837,494)
(838,16)
(838,386)
(838,439)
(838,25)
(838,457)
(838,234)
(838,779)
(838,125)
(838,269)
(838,527)
(839,145)
(839,51)
(839,324)
(839,517)
(839,393)
(839,9)
(839,394)
(839,794)
(839,506)
(839,75)
(840,227)
(840,836)
(840,405)
(840,38)
(840,295)
(840,9)
(840,571)
(840,539)
(840,828)
(840,367)
(841,514)
(841,435)
(841,309)
(841,535)
(841,235)
(841,75)
(841,12)
(841,718)
(841,383)
(841,15)
(842,449)
(842,129)
(842,421)
(842,824)
(842,72)
(842,105)
(842,778)
(842,378)
(842,15)
(842,223)
(843,576)
(843,291)
(843,499)
(843,308)
(843,86)
(843,218)
(843,619)
(843,603)
(843,748)
(843,397)
(844,162)
(844,67)
(844,420)
(844,119)
(844,24)
(844,232)
(844,553)
(844,793)
(844,714)
(844,93)
(845,18)
(845,20)
(845,597)
(845,617)
(845,57)
(845,75)
(845,219)
(845,683)
(845,30)
(845,782)
(846,593)
(846,18)
(846,774)
(846,647)
(846,551)
(846,9)
(846,75)
(846,428)
(846,13)
(847,529)
(847,497)
(847,337)
(847,627)
(847,260)
(847,37)
(847,408)
(847,267)
(847,189)
(847,30)
(848,0)
(848,65)
(848,706)
(848,20)
(848,468)
(848,820)
(848,56)
(848,684)
(848,47)
(849,769)
(849,4)
(849,53)
(849,86)
(849,23)
(849,489)
(849,313)
(849,10)
(849,219)
(849,43)
(850,32)
(850,224)
(850,289)
(850,291)
(850,165)
(850,39)
(850,172)
(850,269)
(850,461)
(850,526)
(851,160)
(851,48)
(851,66)
(851,598)
(851,57)
(851,250)
(851,11)
(851,492)
(851,174)
(851,94)
(852,161)
(852,65)
(852,66)
(852,356)
(852,357)
(852,154)
(852,475)
(852,140)
(852,60)
(852,509)
(853,416)
(853,17)
(853,145)
(853,99)
(853,342)
(853,298)
(853,44)
(853,718)
(853,175)
(853,543)
(854,3)
(854,116)
(854,358)
(854,72)
(854,10)
(854,43)
(854,11)
(854,412)
(854,252)
(854,382)
(855,4)
(855,164)
(855,405)
(855,21)
(855,375)
(855,152)
(855,218)
(855,43)
(855,92)
(855,30)
(856,85)
(856,104)
(856,249)
(856,138)
(856,42)
(856,427)
(856,606)
(856,14)
(856,351)
(856,623)
(857,16)
(857,642)
(857,323)
(857,246)
(857,182)
(857,38)
(857,234)
(857,92)
(857,29)
(857,687)
(858,770)
(858,51)
(858,659)
(858,328)
(858,202)
(858,732)
(858,798)
(858,302)
(858,271)
(858,79)
(859,384)
(859,401)
(859,498)
(859,167)
(859,744)
(859,56)
(859,441)
(859,330)
(859,58)
(859,605)
(860,177)
(860,401)
(860,18)
(860,51)
(860,660)
(860,747)
(860,11)
(860,764)
(860,175)
(860,447)
(861,256)
(861,144)
(861,83)
(861,789)
(861,246)
(861,23)
(861,57)
(861,25)
(861,186)
(861,813)
(862,128)
(862,322)
(862,196)
(862,500)
(862,661)
(862,117)
(862,326)
(862,11)
(862,173)
(862,29)
(863,65)
(863,130)
(863,83)
(863,344)
(863,697)
(863,393)
(863,763)
(863,44)
(863,189)
(863,397)
(864,257)
(864,279)
(864,663)
(864,504)
(864,24)
(864,122)
(864,26)
(864,11)
(864,270)
(864,110)
(865,194)
(865,514)
(865,146)
(865,195)
(865,422)
(865,25)
(865,635)
(865,140)
(865,845)
(865,702)
(866,99)
(866,51)
(866,21)
(866,471)
(866,359)
(866,760)
(866,9)
(866,378)
(866,60)
(866,29)
(867,2)
(867,146)
(867,518)
(867,86)
(867,151)
(867,296)
(867,488)
(867,363)
(867,63)
(867,687)
(868,34)
(868,3)
(868,83)
(868,437)
(868,166)
(868,711)
(868,104)
(868,811)
(868,510)
(868,95)
(869,18)
(869,643)
(869,133)
(869,375)
(869,219)
(869,108)
(869,508)
(869,205)
(869,414)
(869,110)
(870,576)
(870,611)
(870,470)
(870,487)
(870,140)
(870,269)
(870,157)
(870,125)
(870,333)
(870,14)
(871,224)
(871,242)
(871,35)
(871,243)
(871,437)
(871,213)
(871,22)
(871,295)
(871,94)
(871,31)
(872,865)
(872,19)
(872,420)
(872,375)
(872,87)
(872,56)
(872,62)
(872,846)
(872,78)
(872,190)
(873,36)
(873,565)
(873,630)
(873,296)
(873,10)
(873,11)
(873,59)
(873,13)
(873,653)
(873,286)
(874,161)
(874,404)
(874,54)
(874,152)
(874,169)
(874,153)
(874,58)
(874,266)
(874,11)
(874,77)
(875,499)
(875,675)
(875,516)
(875,52)
(875,20)
(875,58)
(875,171)
(875,11)
(875,252)
(875,110)
(876,320)
(876,17)
(876,691)
(876,3)
(876,21)
(876,229)
(876,443)
(876,11)
(876,14)
(877,819)
(877,323)
(877,151)
(877,39)
(877,42)
(877,203)
(877,45)
(877,157)
(877,511)
(877,591)
(878,1)
(878,801)
(878,18)
(878,164)
(878,84)
(878,580)
(878,616)
(878,42)
(878,523)
(878,44)
(879,529)
(879,594)
(879,836)
(879,681)
(879,490)
(879,171)
(879,285)
(879,109)
(879,845)
(879,271)
(880,195)
(880,787)
(880,115)
(880,38)
(880,807)
(880,25)
(880,10)
(880,12)
(880,381)
(880,78)
(881,32)
(881,128)
(881,113)
(881,2)
(881,21)
(881,117)
(881,152)
(881,72)
(881,10)
(881,813)
(882,690)
(882,531)
(882,67)
(882,39)
(882,25)
(882,41)
(882,649)
(882,858)
(882,378)
(882,270)
(883,401)
(883,226)
(883,2)
(883,167)
(883,295)
(883,375)
(883,472)
(883,106)
(883,412)
(883,191)
(884,800)
(884,241)
(884,35)
(884,228)
(884,741)
(884,838)
(884,826)
(884,523)
(884,188)
(884,589)
(885,32)
(885,49)
(885,1)
(885,3)
(885,440)
(885,232)
(885,793)
(885,252)
(885,574)
(885,638)
(886,34)
(886,404)
(886,261)
(886,742)
(886,151)
(886,375)
(886,72)
(886,43)
(886,749)
(886,110)
(887,17)
(887,51)
(887,133)
(887,121)
(887,555)
(887,301)
(887,238)
(887,159)
(887,15)
(887,879)
(888,276)
(888,5)
(888,23)
(888,56)
(888,9)
(888,730)
(888,366)
(888,15)
(889,352)
(889,1)
(889,50)
(889,180)
(889,4)
(889,118)
(889,71)
(889,537)
(889,158)
(889,14)
(890,454)
(890,71)
(890,120)
(890,10)
(890,586)
(890,187)
(890,77)
(890,93)
(890,238)
(890,431)
(891,865)
(891,147)
(891,743)
(891,23)
(891,279)
(891,25)
(891,314)
(891,778)
(891,75)
(892,864)
(892,482)
(892,291)
(892,147)
(892,164)
(892,536)
(892,41)
(892,25)
(892,490)
(892,122)
(893,85)
(893,405)
(893,631)
(893,10)
(893,267)
(893,621)
(893,222)
(893,207)
(893,47)
(893,239)
(894,130)
(894,437)
(894,72)
(894,120)
(894,57)
(894,889)
(894,9)
(894,218)
(894,75)
(894,877)
(895,416)
(895,146)
(895,243)
(895,308)
(895,836)
(895,53)
(895,5)
(895,392)
(895,428)
(895,14)
(896,417)
(896,801)
(896,180)
(896,676)
(896,136)
(896,777)
(896,298)
(896,762)
(896,27)
(896,285)
(897,483)
(897,132)
(897,265)
(897,490)
(897,75)
(897,220)
(897,364)
(897,286)
(897,302)
(897,543)
(898,0)
(898,835)
(898,375)
(898,263)
(898,151)
(898,327)
(898,280)
(898,153)
(898,460)
(898,477)
(899,16)
(899,240)
(899,98)
(899,659)
(899,67)
(899,56)
(899,313)
(899,140)
(899,236)
(899,95)
(900,2)
(900,595)
(900,868)
(900,229)
(900,296)
(900,56)
(900,25)
(900,41)
(900,713)
(900,189)
(901,289)
(901,306)
(901,438)
(901,631)
(901,232)
(901,602)
(901,11)
(901,123)
(901,700)
(901,862)
(902,97)
(902,305)
(902,178)
(902,180)
(902,612)
(902,52)
(902,85)
(902,837)
(902,343)
(902,495)
(903,32)
(903,417)
(903,82)
(903,178)
(903,659)
(903,293)
(903,457)
(903,26)
(903,875)
(903,251)
(904,803)
(904,547)
(904,422)
(904,710)
(904,392)
(904,72)
(904,442)
(904,509)
(904,718)
(904,47)
(905,387)
(905,51)
(905,6)
(905,807)
(905,11)
(905,476)
(905,252)
(905,637)
(905,190)
(905,798)
(906,802)
(906,562)
(906,339)
(906,260)
(906,164)
(906,902)
(906,535)
(906,743)
(906,169)
(906,493)
(907,145)
(907,35)
(907,342)
(907,759)
(907,408)
(907,491)
(907,12)
(907,172)
(907,77)
(907,606)
(908,640)
(908,192)
(908,563)
(908,777)
(908,313)
(908,634)
(908,427)
(908,60)
(908,300)
(908,237)
(909,769)
(909,901)
(909,167)
(909,377)
(909,347)
(909,700)
(909,317)
(909,110)
(909,14)
(910,640)
(910,656)
(910,433)
(910,242)
(910,37)
(910,405)
(910,507)
(910,572)
(910,221)
(910,637)
(911,2)
(911,883)
(911,147)
(911,6)
(911,906)
(911,11)
(911,29)
(911,446)
(911,478)
(912,81)
(912,340)
(912,308)
(912,246)
(912,22)
(912,550)
(912,152)
(912,506)
(912,76)
(912,30)
(913,0)
(913,449)
(913,49)
(913,565)
(913,37)
(913,278)
(913,714)
(913,13)
(913,605)
(913,14)
(914,20)
(914,56)
(914,681)
(914,9)
(914,714)
(914,122)
(914,11)
(914,28)
(914,172)
(914,271)
(915,16)
(915,677)
(915,775)
(915,151)
(915,26)
(915,524)
(915,589)
(915,13)
(915,719)
(915,47)
(916,130)
(916,678)
(916,136)
(916,328)
(916,588)
(916,236)
(916,45)
(916,606)
(916,590)
(916,223)
(917,848)
(917,545)
(917,97)
(917,18)
(917,211)
(917,755)
(917,38)
(917,329)
(917,666)
(917,797)
(918,372)
(918,324)
(918,55)
(918,696)
(918,42)
(918,414)
(918,126)
(918,14)
(918,111)
(918,47)
(919,96)
(919,289)
(919,1)
(919,66)
(919,467)
(919,246)
(919,472)
(919,538)
(919,635)
(919,716)
(920,32)
(920,51)
(920,547)
(920,41)
(920,330)
(920,156)
(920,109)
(920,702)
(920,799)
(920,735)
(921,49)
(921,2)
(921,51)
(921,4)
(921,5)
(921,69)
(921,326)
(921,647)
(921,11)
(921,669)
(922,656)
(922,19)
(922,327)
(922,58)
(922,218)
(922,122)
(922,139)
(922,11)
(922,207)
(922,223)
(923,198)
(923,854)
(923,663)
(923,104)
(923,56)
(923,331)
(923,542)
(923,63)
(923,703)
(923,543)
(924,481)
(924,723)
(924,40)
(924,8)
(924,730)
(924,237)
(924,126)
(924,159)
(924,271)
(924,367)
(925,144)
(925,902)
(925,42)
(925,923)
(925,331)
(925,155)
(925,44)
(925,732)
(925,319)
(925,447)
(926,832)
(926,1)
(926,515)
(926,644)
(926,119)
(926,167)
(926,455)
(926,168)
(926,11)
(926,366)
(927,592)
(927,208)
(927,20)
(927,52)
(927,103)
(927,40)
(927,505)
(927,73)
(927,107)
(927,668)
(928,707)
(928,389)
(928,6)
(928,7)
(928,120)
(928,393)
(928,427)
(928,381)
(928,94)
(928,30)
(929,624)
(929,514)
(929,582)
(929,454)
(929,87)
(929,919)
(929,184)
(929,265)
(929,285)
(929,782)
(930,801)
(930,913)
(930,50)
(930,659)
(930,835)
(930,183)
(930,360)
(930,187)
(930,140)
(930,158)
(931,240)
(931,1)
(931,546)
(931,4)
(931,293)
(931,421)
(931,166)
(931,151)
(931,25)
(931,329)
(932,144)
(932,561)
(932,244)
(932,773)
(932,37)
(932,455)
(932,714)
(932,315)
(932,702)
(932,399)
(933,560)
(933,273)
(933,452)
(933,52)
(933,375)
(933,250)
(933,475)
(933,731)
(933,188)
(933,381)
(934,2)
(934,50)
(934,162)
(934,278)
(934,54)
(934,263)
(934,7)
(934,456)
(934,105)
(934,589)
(935,497)
(935,225)
(935,577)
(935,34)
(935,386)
(935,23)
(935,121)
(935,425)
(935,556)
(935,61)
(936,176)
(936,48)
(936,515)
(936,116)
(936,935)
(936,264)
(936,730)
(936,28)
(936,14)
(936,671)
(937,160)
(937,35)
(937,420)
(937,836)
(937,854)
(937,315)
(937,75)
(937,189)
(937,15)
(937,639)
(938,562)
(938,179)
(938,291)
(938,902)
(938,838)
(938,390)
(938,807)
(938,168)
(938,700)
(938,397)
(939,258)
(939,147)
(939,243)
(939,679)
(939,153)
(939,377)
(939,331)
(939,315)
(939,44)
(939,927)
(940,80)
(940,212)
(940,437)
(940,86)
(940,710)
(940,649)
(940,281)
(940,874)
(940,571)
(940,14)
(941,640)
(941,849)
(941,241)
(941,451)
(941,86)
(941,58)
(941,826)
(941,762)
(941,123)
(941,429)
(942,288)
(942,322)
(942,226)
(942,115)
(942,934)
(942,152)
(942,233)
(942,123)
(942,414)
(942,815)
(943,400)
(943,720)
(943,50)
(943,707)
(943,212)
(943,8)
(943,440)
(943,171)
(943,11)
(943,27)
(944,304)
(944,97)
(944,275)
(944,213)
(944,391)
(944,88)
(944,908)
(944,140)
(944,46)
(944,558)
(945,337)
(945,180)
(945,550)
(945,806)
(945,759)
(945,567)
(945,506)
(945,683)
(945,907)
(945,588)
(946,242)
(946,116)
(946,516)
(946,933)
(946,582)
(946,39)
(946,108)
(946,28)
(946,254)
(946,110)
(947,419)
(947,275)
(947,69)
(947,229)
(947,102)
(947,390)
(947,615)
(947,426)
(947,523)
(947,12)
(948,640)
(948,161)
(948,790)
(948,614)
(948,104)
(948,425)
(948,284)
(948,637)
(948,445)
(948,143)
(949,659)
(949,68)
(949,677)
(949,69)
(949,279)
(949,488)
(949,616)
(949,9)
(949,571)
(949,173)
(950,354)
(950,596)
(950,69)
(950,310)
(950,22)
(950,326)
(950,631)
(950,247)
(950,124)
(950,237)
(951,0)
(951,464)
(951,673)
(951,497)
(951,23)
(951,42)
(951,378)
(951,44)
(951,270)
(951,207)
(952,225)
(952,67)
(952,899)
(952,83)
(952,436)
(952,41)
(952,362)
(952,427)
(952,366)
(952,367)
(953,785)
(953,323)
(953,36)
(953,614)
(953,152)
(953,154)
(953,475)
(953,460)
(953,108)
(953,431)
(954,18)
(954,19)
(954,324)
(954,4)
(954,327)
(954,74)
(954,11)
(954,556)
(954,286)
(954,782)
(955,64)
(955,162)
(955,115)
(955,132)
(955,72)
(955,9)
(955,234)
(955,74)
(955,76)
(955,510)
(956,3)
(956,117)
(956,246)
(956,503)
(956,408)
(956,555)
(956,940)
(956,317)
(956,765)
(956,286)
(957,161)
(957,676)
(957,596)
(957,325)
(957,839)
(957,103)
(957,441)
(957,300)
(957,622)
(957,431)
(958,784)
(958,5)
(958,166)
(958,694)
(958,104)
(958,906)
(958,27)
(958,333)
(958,606)
(958,46)
(959,451)
(959,180)
(959,340)
(959,773)
(959,599)
(959,104)
(959,40)
(959,473)
(959,9)
(959,11)
(960,209)
(960,4)
(960,39)
(960,663)
(960,616)
(960,537)
(960,569)
(960,362)
(960,13)
(960,63)
(961,177)
(961,84)
(961,807)
(961,87)
(961,696)
(961,157)
(961,223)
(961,31)
(961,335)
(961,447)
(962,17)
(962,275)
(962,117)
(962,279)
(962,408)
(962,24)
(962,28)
(962,13)
(962,367)
(963,0)
(963,752)
(963,35)
(963,627)
(963,726)
(963,25)
(963,603)
(963,13)
(963,542)
(963,447)
(964,240)
(964,17)
(964,34)
(964,356)
(964,54)
(964,535)
(964,95)
(964,271)
(964,751)
(965,64)
(965,688)
(965,338)
(965,66)
(965,644)
(965,117)
(965,134)
(965,11)
(965,508)
(965,542)
(966,545)
(966,98)
(966,148)
(966,68)
(966,229)
(966,694)
(966,823)
(966,120)
(966,89)
(966,604)
(967,17)
(967,386)
(967,628)
(967,644)
(967,182)
(967,313)
(967,570)
(967,60)
(967,76)
(967,15)
(968,18)
(968,835)
(968,676)
(968,280)
(968,297)
(968,442)
(968,59)
(968,205)
(968,30)
(968,702)
(969,929)
(969,1)
(969,481)
(969,166)
(969,934)
(969,135)
(969,584)
(969,826)
(969,12)
(969,524)
(970,225)
(970,18)
(970,4)
(970,421)
(970,490)
(970,650)
(970,955)
(970,14)
(970,30)
(970,94)
(971,641)
(971,52)
(971,807)
(971,488)
(971,441)
(971,282)
(971,42)
(971,878)
(971,606)
(971,255)
(972,594)
(972,66)
(972,548)
(972,22)
(972,134)
(972,889)
(972,138)
(972,220)
(972,749)
(972,190)
(973,320)
(973,0)
(973,177)
(973,81)
(973,241)
(973,327)
(973,394)
(973,333)
(973,14)
(973,63)
(974,833)
(974,209)
(974,130)
(974,100)
(974,710)
(974,326)
(974,343)
(974,120)
(974,140)
(974,718)
(975,388)
(975,276)
(975,38)
(975,119)
(975,440)
(975,43)
(975,251)
(975,219)
(975,220)
(975,463)
(976,624)
(976,676)
(976,132)
(976,421)
(976,311)
(976,200)
(976,248)
(976,889)
(976,10)
(976,891)
(977,786)
(977,100)
(977,356)
(977,501)
(977,21)
(977,247)
(977,889)
(977,189)
(977,365)
(977,46)
(978,914)
(978,148)
(978,37)
(978,53)
(978,437)
(978,472)
(978,268)
(978,622)
(978,382)
(978,783)
(979,736)
(979,944)
(979,144)
(979,770)
(979,436)
(979,182)
(979,326)
(979,285)
(979,895)
(979,559)
(980,128)
(980,496)
(980,497)
(980,866)
(980,5)
(980,534)
(980,102)
(980,24)
(980,8)
(980,14)
(981,880)
(981,289)
(981,18)
(981,151)
(981,136)
(981,75)
(981,236)
(981,156)
(981,381)
(981,733)
(982,49)
(982,114)
(982,163)
(982,614)
(982,294)
(982,25)
(982,313)
(982,457)
(982,43)
(982,591)
(983,80)
(983,98)
(983,178)
(983,853)
(983,38)
(983,56)
(983,459)
(983,11)
(983,108)
(983,461)
(984,340)
(984,516)
(984,54)
(984,70)
(984,838)
(984,40)
(984,75)
(984,77)
(984,781)
(984,94)
(985,2)
(985,4)
(985,565)
(985,21)
(985,86)
(985,442)
(985,252)
(985,493)
(985,382)
(985,399)
(986,129)
(986,18)
(986,898)
(986,83)
(986,36)
(986,453)
(986,30)
(986,574)
(986,559)
(986,63)
(987,64)
(987,16)
(987,227)
(987,246)
(987,967)
(987,793)
(987,9)
(987,747)
(987,461)
(987,125)
(988,754)
(988,146)
(988,115)
(988,148)
(988,84)
(988,805)
(988,469)
(988,635)
(988,238)
(988,223)
(989,417)
(989,385)
(989,6)
(989,407)
(989,905)
(989,11)
(989,28)
(989,877)
(989,30)
(989,15)
(990,209)
(990,881)
(990,820)
(990,87)
(990,41)
(990,186)
(990,11)
(990,523)
(990,175)
(990,143)
(991,673)
(991,385)
(991,531)
(991,835)
(991,501)
(991,69)
(991,250)
(991,109)
(991,430)
(991,479)
(992,64)
(992,81)
(992,979)
(992,771)
(992,340)
(992,487)
(992,952)
(992,925)
(992,14)
(992,30)
(993,32)
(993,66)
(993,677)
(993,501)
(993,549)
(993,422)
(993,665)
(993,74)
(993,110)
(993,271)
(994,832)
(994,961)
(994,81)
(994,177)
(994,372)
(994,4)
(994,360)
(994,734)
(994,46)
(994,767)
(995,785)
(995,33)
(995,612)
(995,199)
(995,937)
(995,713)
(995,89)
(995,490)
(995,698)
(995,845)
(996,512)
(996,576)
(996,49)
(996,722)
(996,34)
(996,52)
(996,149)
(996,105)
(996,858)
(996,127)
(997,144)
(997,177)
(997,738)
(997,725)
(997,72)
(997,969)
(997,332)
(997,191)
(998,784)
(998,498)
(998,532)
(998,662)
(998,312)
(998,953)
(998,218)
(998,28)
(998,380)
(998,735)
(999,403)
(999,36)
(999,132)
(999,54)
(999,503)
(999,104)
(999,872)
(999,24)
(999,28)
(999,236)
